3 4 6521 11444 3312 6282 
2 5 6282 349 3340 9388 321 
2 5 6282 6334 9334 9361 11372 
1 4 6332 6402 13878 362 
1 5 6332 13761 13876 11245 6375 
3 4 6521 9428 6441 514 
2 5 6521 375 11219 11276 321 
3 4 6521 3499 9456 3522 
1 4 3522 9375 526 6377 
1 4 6377 6263 6325 9347 
2 3 9347 6257 6389 
3 9 6521 13292 11505 9496 11415 3572 6595 552 9570 
2 3 6282 3207 9496 
1 4 9347 3368 3231 11366 
1 3 6377 3271 3326 
2 4 9347 6325 6349 3326 
1 2 3326 241 
1 8 6469 3512 6622 11346 9281 11264 11360 241 
1 3 6469 13891 587 
3 3 6469 9482 495 
1 3 495 6535 11388 
1 4 11388 247 309 3326 
1 6 495 6535 9509 405 3395 6377 
1 4 6469 6570 529 11494 
2 5 11494 3423 13236 9575 11531 
3 3 11494 6444 6488 
2 4 11531 11547 11560 6488 
3 5 9517 6568 3574 589 6488 
2 5 11531 563 3558 3530 9517 
3 2 9517 11499 
2 2 11499 708 
1 3 708 3705 692 
1 3 692 11653 9515 
2 3 9517 3530 3692 
1 4 3692 3679 6934 9655 
1 4 9655 11638 6693 692 
1 4 11499 519 3690 9655 
3 5 495 3398 9547 3524 6488 
2 4 9515 3299 571 11544 
1 3 692 9652 3688 
1 3 3688 6725 9515 
2 4 11499 9545 11529 11544 
2 6 11544 9572 11417 11445 3397 6488 
1 5 6488 3524 6549 9524 3561 
3 4 3561 425 6487 3522 
1 3 3561 6513 564 
1 4 564 11431 9443 495 
1 4 6377 11493 3355 564 
1 4 6488 3524 11533 564 
1 4 3561 425 6582 3535 
1 3 3535 11481 514 
1 4 3535 6582 6487 3522 
2 8 11544 9416 3474 482 6524 538 6501 3535 
1 6 11372 13299 11343 9263 13866 362 
1 16 6521 13292 11505 9496 537 6236 9387 9252 11260 11288 334 389 3380 13878 6402 6332 
1 6 6332 395 3384 11312 3272 6296 
1 3 3320 327 6296 
3 16 3151 149 11068 9164 6095 6035 6086 9111 187 2999 11315 3215 11250 3358 11282 6380 
2 4 758 11710 9689 6734 
2 5 11805 3861 799 6924 9817 
1 7 6880 9765 3866 980 970 11768 11805 
2 3 6734 9686 11677 
1 4 11677 11692 6955 758 
1 3 9764 854 9824 
2 7 6906 9896 6817 3873 6966 6812 9764 
1 4 6906 6959 9889 4098 
1 2 4098 10024 
1 5 10024 10109 4065 11956 1176 
1 3 1176 11956 12038 
2 4 1176 7068 7198 4182 
1 3 4182 10009 9979 
2 3 4182 13231 7183 
1 2 7183 1048 
1 3 4182 13231 10094 
1 4 4182 7198 6744 875 
1 3 7183 1178 875 
2 6 9764 6812 6966 13223 3954 3816 
2 4 3816 9813 11821 915 
2 7 3938 9767 6993 9785 11766 813 3816 
1 7 3816 6878 6903 3902 11852 13233 740 
1 4 885 11852 13233 740 
1 5 3938 3794 9800 9846 11825 
1 4 11825 6936 903 885 
1 6 11825 4024 3920 726 3729 11707 
1 7 11677 11840 3725 3727 3918 918 11825 
1 5 11707 6749 9703 11688 740 
2 8 7183 4080 9815 11749 6954 931 9925 13230 
1 6 13230 9839 9917 11820 896 3938 
1 8 1176 4095 12083 9828 9778 13229 13224 3938 
2 4 11825 9846 13232 6867 
1 5 6867 13221 11756 9839 13230 
1 5 6867 874 845 889 9817 
1 6 13230 9877 3926 844 924 11805 
2 4 10024 1093 9903 832 
1 4 4098 1093 11884 832 
1 5 832 942 9757 6914 3938 
2 4 875 3871 3810 6948 
1 5 6948 985 11780 6866 13230 
1 6 6948 6832 6800 13229 13224 3938 
1 5 3945 6879 9852 6914 3938 
1 6 6906 3799 871 7213 11737 3816 
2 4 6287 6393 3260 3325 
1 3 6364 6235 394 
1 4 241 11360 11318 9335 
1 2 9335 6336 
2 5 6469 3512 13423 9363 6241 
3 2 6241 391 
1 3 391 68 3314 
1 3 6241 6286 6336 
3 2 391 9498 
1 2 9498 3262 
1 2 3262 6598 
3 2 6598 516 
2 4 587 9522 11562 9574 
1 3 9574 13068 516 
2 5 6583 11502 11435 11470 11494 
2 3 587 3547 11494 
1 2 9559 6583 
1 3 6560 13883 516 
1 4 516 13883 3576 11483 
1 3 11483 3536 11548 
1 4 11506 9534 6569 485 
2 4 11506 9561 454 11420 
1 3 11420 9500 11548 
1 2 11563 9434 
2 5 11506 9523 3549 9578 11563 
2 9 11506 9523 3549 3534 553 11521 11535 3579 6449 
2 4 512 9725 9523 11506 
2 4 3671 9492 6533 512 
2 8 11506 9523 6547 11463 3509 3495 527 9495 
2 6 3552 13903 6572 9525 11508 9495 
2 5 3671 9492 9478 503 11465 
2 3 11465 9510 6536 
2 5 6657 655 3659 11596 3671 
2 5 620 3626 651 669 3671 
2 7 9737 11565 595 11582 629 11596 3671 
1 5 9737 11565 595 3598 620 
2 7 6766 11702 6775 11720 9717 6762 9737 
2 3 740 6756 743 
1 4 743 9710 6777 9737 
2 6 743 11697 3740 11699 3749 6766 
2 6 6766 11702 6775 9734 9751 620 
2 4 9824 9853 3946 6960 
1 4 6766 943 9723 6960 
2 4 6960 9898 11877 958 
2 2 11834 911 
2 4 911 3928 13327 9909 
2 5 6788 3772 11891 13870 9909 
2 8 11834 11875 958 11713 762 780 3589 6613 
1 3 3594 11593 6613 
2 6 3594 9607 11576 6648 3621 620 
2 7 6960 760 11709 3754 769 9748 3594 
2 7 3594 9609 667 3681 9644 6518 512 
2 4 6613 11794 648 3652 
2 5 3652 3669 3506 11491 11506 
2 2 3652 9642 
2 3 9642 6698 698 
2 12 11506 11518 6949 3506 9490 3533 6531 9658 6698 698 521 678 
2 5 678 6529 11640 6712 9503 
2 2 6583 9559 
2 4 11506 11518 11549 13011 
2 5 11420 454 3402 11549 13011 
2 4 11531 9575 13886 9559 
2 4 11516 678 1346 9503 
2 8 11516 5291 6545 11732 551 6949 11518 11506 
2 8 6613 3589 6784 6609 13331 9745 611 6780 
2 5 6788 771 9741 11730 6780 
2 5 6780 11730 9741 776 3780 
1 4 6788 3773 6790 3780 
2 4 9620 6683 6529 678 
2 7 3780 607 6635 11570 9587 636 9620 
1 3 663 9638 9620 
1 2 663 3692 
1 7 663 11623 6680 6678 9633 11618 673 
1 4 9515 9681 3703 9665 
1 4 9665 11651 704 11666 
1 4 9648 9679 6690 11666 
1 5 11666 6690 9679 6687 3673 
1 5 9648 9679 9650 3684 9665 
2 6 3673 3674 6673 3657 6656 11584 
1 4 6626 13505 628 11584 
1 5 3673 3674 6673 11595 6626 
1 3 688 3684 9665 
1 4 673 11634 3675 688 
2 6 663 11601 3641 9600 9584 3780 
2 3 603 3604 11584 
2 4 603 3776 773 3780 
2 6 673 11618 9630 11598 9598 603 
2 4 603 3776 11734 6606 
1 4 6606 6793 9582 11584 
1 4 3780 6790 9752 6606 
2 2 6606 782 
1 4 782 9924 967 925 
2 3 6788 3773 6973 
2 2 9904 11751 
1 4 11751 6862 6875 11833 
1 3 11833 6946 6973 
1 4 9907 1616 6985 6606 
1 5 9907 9879 9750 6862 11751 
1 4 925 6926 9794 9904 
1 3 6831 9838 925 
2 4 11837 9784 6843 883 
1 4 883 6939 3966 6831 
2 3 819 11803 883 
2 2 11846 9904 
1 4 11846 923 9826 819 
2 8 9990 12066 3901 10027 3968 851 955 819 
1 2 11998 11837 
1 6 9990 12066 12098 10027 9856 11837 
1 3 4014 13759 4159 
2 4 4159 1156 3857 10074 
1 5 11773 11874 11824 9772 6891 
2 6 383 3307 6412 9362 6345 9279 
2 4 11380 11082 161 6050 
2 10 9279 11376 9300 9410 9251 9329 9406 6397 9393 11380 
2 12 383 6331 3286 3375 3063 6188 9209 9109 11188 11082 161 6050 
1 6 9279 11376 6120 11160 11327 11215 
2 5 6296 6360 6229 6376 9483 
2 4 9483 6342 6222 9340 
1 3 9483 3354 9262 
2 6 3320 9295 11342 11226 11358 310 
1 4 310 7482 10323 9340 
2 4 514 573 469 11542 
1 4 3583 13266 9457 11467 
1 4 11666 6739 9539 9692 
2 4 9692 541 3484 11539 
1 4 11539 13267 6590 3583 
1 4 11539 581 3550 3581 
1 7 9660 9690 11679 3537 11522 541 9692 
1 7 9660 11663 9676 6720 11630 3700 11666 
1 6 9660 6703 682 3670 9611 11581 
2 4 11581 3654 6650 9627 
1 3 6626 599 9627 
2 7 9648 9646 596 665 3654 6650 9627 
2 6 11581 3654 665 596 9646 9648 
1 6 619 3623 6670 11625 684 9660 
1 5 11581 624 9595 6647 619 
2 4 619 3617 11580 11586 
1 4 9606 11787 3617 619 
2 3 3601 3592 11581 
1 4 6626 599 11564 3601 
1 5 3601 6611 984 3974 3924 
2 4 3882 11832 9906 9602 
1 4 9602 6634 11583 11586 
1 5 3882 3833 13315 3526 11818 
2 10 4109 13885 3988 1109 976 863 6930 3844 10163 11818 
2 5 9602 11887 11868 965 949 
1 8 949 3971 3952 3819 6842 9769 649 9783 
2 4 949 3908 3937 6923 
2 9 9833 13321 6895 3893 11905 13559 878 9862 6923 
2 2 3663 9617 
1 4 657 6677 11603 9617 
1 10 9548 6761 3728 744 3741 6747 9701 11652 9651 3663 
1 8 3663 3636 3639 637 3645 11657 3649 9606 
1 9 3663 660 6695 6709 11639 676 11622 693 6711 
1 3 6711 3709 3696 
2 6 3696 11644 699 6716 716 9660 
1 3 746 713 3696 
1 6 3581 6586 6604 11691 3548 746 
1 2 6314 3288 
1 4 9483 3354 13892 6314 
1 4 6332 11265 348 3288 
2 8 9340 9240 9317 11291 3174 3074 496 3152 
2 5 3152 11426 11127 11443 4640 
1 7 4640 126 3120 181 11080 6174 3151 
1 4 11105 6108 9194 3083 
1 4 3151 3060 9100 9206 
1 5 9206 6082 11056 9183 9073 
1 6 9073 67 9167 6144 9129 11105 
1 5 11370 277 6340 13880 3320 
2 9 362 13878 3351 6347 6321 6567 13427 524 3544 
2 8 6558 17 3381 11515 493 9508 9400 3544 
1 9 6558 388 11232 279 3324 13869 389 3380 13878 
4 7 7110 15029 4164 14586 12006 11949 4102 
4 2 7110 9950 
3 32 7110 15029 1025 15033 11985 7050 1191 14648 7145 1167 10055 14857 9985 14831 1067 14668 4142 4172 7102 10032 14833 10128 14834 12007 1117 11930 4067 1063 14827 9865 6873 6994 
2 10 11985 14836 10052 1092 11946 15060 7212 12031 1136 7072 
3 45 7072 14840 7113 15024 1133 1051 15026 15023 4054 15028 14855 10125 12097 14830 7087 14845 14850 14844 7157 14647 9998 1182 4188 4100 14856 7016 4118 1024 7169 14381 14829 1165 14828 6870 11847 14843 6994 9859 3962 14645 7532 15059 10444 10512 12421 
4 3 4172 14852 10125 
2 10 7072 14585 9965 12028 7197 11997 7046 4027 15032 1025 
1 4 9304 11341 6280 560 
1 4 9304 11285 11216 11370 
1 5 3393 3366 6359 9359 9304 
1 6 11370 294 11322 3331 11220 11241 
1 5 6373 3350 386 216 11370 
1 4 11241 11220 3331 9289 
1 3 9288 6344 6373 
3 7 3350 3293 3203 3507 9568 3543 525 
2 8 525 3494 6497 9451 3757 9714 9698 11670 
2 5 11670 3738 11546 409 3452 
1 4 3452 3468 6495 11504 
1 4 3452 6451 6423 11437 
1 4 418 11397 3557 11504 
1 5 11437 453 486 3466 6474 
1 4 525 3543 441 6593 
1 5 6593 3470 11543 6557 572 
1 3 572 9454 11479 
1 6 572 6557 6509 3457 9533 476 
1 6 572 513 3412 6546 11528 3392 
1 6 6373 6344 9371 13352 9396 11230 
1 7 11202 6324 3310 3333 222 341 310 
1 5 11842 922 13321 9833 11829 
1 4 11829 3851 6871 3951 
1 3 3951 3983 9878 
1 3 1005 12016 9878 
2 4 3951 6808 11784 11747 
1 3 904 890 6871 
1 5 11747 9844 9871 6978 6995 
1 2 6995 11881 
1 3 11747 804 3862 
1 3 3862 3964 919 
1 2 919 9777 
1 2 11747 9861 
1 3 6807 869 9861 
1 2 9861 3870 
1 3 3870 961 11746 
1 2 4112 928 
1 4 928 11898 981 3856 
1 2 3856 3983 
1 3 928 9921 9799 
1 3 9799 6864 849 
1 4 9777 9761 6965 7620 
2 5 9777 6950 3965 3979 9932 
1 3 3979 9886 11853 
1 4 11853 6991 13403 10472 
1 7 6807 9755 6894 3788 784 12016 1005 
1 2 6938 9844 
1 3 6995 3967 6938 
1 6 12473 7140 1056 10087 1108 792 
1 4 12473 12029 806 11746 
1 3 792 11919 1065 
1 2 792 4111 
1 4 1065 7107 10731 1086 
1 3 7151 7170 1065 
1 4 1086 13411 13410 4206 
1 4 7151 10089 4017 11976 
1 6 1086 13411 13410 4088 5081 4161 
1 5 4161 14762 11979 1155 12049 
1 2 12049 4073 
1 3 12049 10005 11964 
1 3 11964 7091 4076 
1 4 11964 10073 7011 3996 
1 4 3996 4055 1068 10031 
1 5 10031 7144 13469 13467 12044 
1 5 12044 7073 13464 13465 12071 
1 3 12071 13463 11999 
1 3 11999 10844 8105 
1 5 8105 10745 10902 7989 2046 
1 3 12725 7989 10902 
3 6 6380 6414 9348 6290 6396 6262 
1 5 6262 6315 3250 3199 6398 
1 7 6398 6369 9339 9312 11436 471 9422 
1 9 9422 11408 9564 3539 11485 9436 3582 9504 3529 
1 5 6262 3292 11242 11368 9355 
1 4 3335 6411 9384 9355 
1 4 9355 9328 9260 3580 
1 4 3356 9313 6315 6262 
1 2 3527 413 
1 3 413 6341 6398 
1 4 3578 578 11551 3539 
1 7 9422 3465 3304 6353 6382 9409 9258 
2 11 6380 301 11362 6316 9311 3370 11295 6231 9360 9298 11344 
2 3 11344 3303 11375 
1 5 121 252 6356 9356 11362 
1 6 9131 11107 2 11099 9122 121 
1 4 3140 9060 11048 9111 
1 2 9197 9164 
1 7 3140 9184 3142 9190 6057 90 11159 
1 6 3187 6150 3050 9105 9150 3151 
1 5 11234 9287 3235 6264 11349 
1 4 11349 11326 366 11250 
1 5 306 3247 6400 6367 3235 
1 12 3529 498 3475 481 9426 3774 9720 742 728 712 11632 3672 
1 3 3672 3682 3668 
1 9 3672 9647 6718 11633 11678 9694 6738 3720 3734 
1 4 3734 11729 6741 9680 
1 2 11696 11678 
1 5 9680 9677 6704 705 3686 
1 7 6124 9370 6383 9390 9381 11387 6338 
1 8 6338 372 11339 11273 6404 9299 6275 11225 
1 7 6338 260 9336 3251 3300 6388 6278 
1 6 6278 7403 6246 6285 291 1278 
1 7 11225 11377 3216 3385 1350 12242 12128 
1 6 1278 12117 10136 11223 10133 1821 
1 4 4824 12102 307 1821 
1 8 4824 7846 7774 10670 10600 12652 4700 10696 
1 7 7274 7825 7687 4806 12679 12546 10696 
1 7 7274 4866 7757 12631 10580 12563 12691 
1 7 12691 4818 7713 10562 1810 10543 4797 
1 3 4797 10528 7835 
1 5 7835 10658 7751 12641 4677 
1 5 4677 10574 12556 4832 7785 
1 7 4725 7763 12657 10678 7851 12543 7785 
1 7 4725 10655 7801 12678 12261 4805 12189 
1 9 12189 10466 1504 681 9639 11765 9762 6989 957 
1 6 9604 9589 1325 3963 7266 12189 
1 4 1821 12584 7285 9292 
1 4 1292 4242 7285 9292 
1 8 6338 11356 9373 6253 3224 9325 6327 11375 
1 4 306 3210 3278 11230 
1 3 11241 6293 11234 
1 4 3580 6543 6481 418 
1 4 3335 3390 236 11230 
1 9 6474 3479 6519 11487 570 9424 3469 11475 3527 
1 4 4056 4086 1081 11977 
1 5 7125 14618 7204 13306 11977 
1 4 11948 12085 13305 11977 
1 4 6928 848 9981 7125 
1 4 7125 1657 11915 4052 
1 6 6928 852 906 3860 898 6944 
1 3 9897 3944 6944 
1 5 9897 6806 783 3977 957 
1 6 6981 11835 912 9790 10018 4052 
1 6 6981 6860 3839 3895 987 11771 
1 5 11771 11808 916 4642 4572 
1 4 4572 11744 7523 10433 
1 3 10433 7582 4506 
1 9 6981 9854 964 892 11764 9835 6837 11886 3900 
1 3 964 3783 1150 
1 4 3900 3830 900 6969 
2 2 6969 9843 
1 3 9843 11822 10068 
1 3 9843 9776 952 
1 5 4190 7109 12026 4140 9843 
1 3 11752 7674 952 
1 6 13772 4137 11944 11980 7189 1069 
1 5 1069 10102 12074 1184 10000 
1 3 4205 4186 10000 
1 7 10000 7089 1154 7055 12015 10043 7025 
2 7 7025 12055 1076 4005 7181 4148 11913 
2 4 10076 1089 11982 11913 
1 2 7014 12076 
1 3 7014 12052 10076 
1 3 10076 7120 7191 
1 5 7191 11991 7058 13771 9974 
1 5 7058 1096 7146 4013 1055 
1 5 1055 7086 1094 4169 4196 
1 7 4196 1166 1193 1138 1110 9984 3992 
1 2 3992 1628 
1 4 3992 4083 7172 7199 
1 3 7199 9942 9970 
1 3 1628 1036 4619 
1 6 3992 7653 10114 4631 9999 7097 
1 4 9970 10080 11941 1047 
1 6 7071 12084 1006 10112 1053 7199 
1 5 1053 4081 7141 7182 9938 
1 6 7137 10050 7192 4107 10105 11981 
1 3 1319 4192 4504 
1 6 7137 4077 10459 1625 1884 4504 
1 6 12766 12723 13486 10784 10743 12806 
1 3 5010 12714 8124 
1 3 12714 10777 10833 
1 5 2196 8205 12911 10932 8144 
1 4 5117 8193 14776 12975 
1 4 12891 12834 2100 2012 
1 3 4948 7972 2100 
1 5 4972 4938 2025 12900 2050 
1 6 191 12504 5199 2216 10929 2120 
1 7 2229 10963 4879 7770 12940 8214 10400 
1 3 1509 13394 10697 
1 4 10400 2213 13394 5231 
1 3 10697 13386 4696 
1 3 4696 1833 7576 
1 7 1833 4584 5231 4556 1468 13391 7576 
1 5 4696 12547 13382 12692 12589 
1 4 12991 2063 4995 10775 
1 3 5210 5196 1939 
1 3 1939 10860 5160 
1 11 4076 13494 1071 11910 10061 11967 9989 7079 10120 4136 1130 
1 8 1130 9992 7082 1204 4151 12094 10123 11954 
1 9 1149 1189 12039 11957 7005 10026 11935 1141 9943 
1 10 10026 11921 7162 10091 11969 9994 4163 1160 7081 12051 
1 4 9943 12034 9976 12051 
1 10 12051 10078 4046 7166 11939 1145 9964 1013 11923 7132 
1 5 7132 4116 989 13304 12100 
1 5 12100 7215 4199 12087 9945 
1 3 12087 1194 7100 
1 3 7100 1079 7069 
1 4 4933 1207 4084 7100 
1 5 7069 11943 1102 7203 12857 
1 2 7203 4108 
1 3 2046 2088 10784 
1 9 8085 2089 8001 7994 2097 13439 8123 13442 10106 
1 5 12727 12870 8004 10892 12758 
1 3 12727 5024 12702 
1 5 1599 6671 3658 3656 3653 
1 4 10837 10922 1982 2065 
1 4 2065 1922 7953 5005 
1 4 7602 10385 10768 10837 
1 3 12910 7567 8186 
1 3 12406 4864 7859 
1 4 7669 4415 12104 1454 
