
state={
	id=1
	name="STATE_1" # Corsica
	manpower = 322900
	
	state_category = town

	history={
		owner = FRA
		victory_points = { 3838 1 }
		buildings = {
			infrastructure = 2
			industrial_complex = 1
			air_base = 1
			3838 = {
				naval_base = 3
			}
		}
		add_core_of = COR
		add_core_of = FRA
	}

	provinces={
		78
		652
		784
		785
		789
		792
		804
		806
		829
		856
		864
		869
		876
		886
		890
		901
		904
		909
		919
		921
		928
		933
		940
		947
		960
		961
		975
		979
		981
		1005
		1015
		1033
		1056
		1065
		1072
		1074
		1086
		1088
		1108
		1112
		1119
		1122
		1155
		1201
		1463
		1544
		1549
		1578
		1600
		1606
		1631
		1634
		1636
		1822
		1888
		1896
		1920
		1922
		1923
		1938
		1947
		1955
		1957
		1963
		1973
		1982
		1986
		2004
		2013
		2018
		2026
		2027
		2029
		2033
		2048
		2057
		2059
		2065
		2071
		2089
		2090
		2095
		2097
		2103
		3714
		3786
		3788
		3795
		3807
		3851
		3856
		3862
		3870
		3876
		3889
		3890
		3903
		3905
		3907
		3916
		3919
		3921
		3927
		3935
		3942
		3950
		3951
		3964
		3965
		3967
		3979
		3982
		3983
		4008
		4017
		4088
		4111
		4112
		4115
		4124
		4127
		4161
		4206
		4440
		4486
		4512
		4550
		4553
		4562
		4574
		4580
		4583
		4591
		4603
		4609
		4637
		4755
		4825
		4901
		4924
		4928
		4932
		4943
		4951
		4959
		4966
		4968
		4974
		4976
		4981
		4983
		4993
		5005
		5006
		5014
		5024
		5027
		5037
		5049
		5050
		5058
		5067
		5073
		5074
		5081
		5089
		5093
		5098
		5099
		6807
		6808
		6813
		6826
		6864
		6871
		6877
		6883
		6888
		6894
		6908
		6912
		6919
		6920
		6925
		6935
		6938
		6945
		6950
		6956
		6965
		6976
		6977
		6978
		6991
		6992
		6995
		7001
		7026
		7107
		7130
		7140
		7143
		7151
		7170
		7176
		7184
		7454
		7470
		7513
		7530
		7573
		7602
		7604
		7620
		7671
		7934
		7953
		7960
		7969
		7970
		7977
		7982
		7990
		7994
		7995
		8001
		8002
		8004
		8009
		8020
		8030
		8031
		8040
		8051
		8060
		8073
		8074
		8085
		8092
		8093
		8101
		8108
		8117
		8118
		8123
		8125
		9755
		9761
		9763
		9777
		9799
		9806
		9811
		9816
		9823
		9830
		9844
		9858
		9860
		9861
		9868
		9871
		9878
		9886
		9887
		9893
		9900
		9901
		9912
		9915
		9921
		9929
		9932
		9941
		9947
		9954
		10002
		10038
		10041
		10056
		10087
		10089
		10099
		10106
		10122
		10383
		10385
		10399
		10403
		10454
		10472
		10497
		10523
		10731
		10744
		10748
		10752
		10759
		10760
		10768
		10774
		10786
		10791
		10793
		10797
		10804
		10806
		10811
		10815
		10828
		10835
		10837
		10840
		10850
		10870
		10873
		10876
		10881
		10882
		10890
		10892
		10901
		10904
		10913
		10922
		10923
		11249
		11671
		11739
		11746
		11747
		11753
		11759
		11778
		11784
		11792
		11796
		11797
		11810
		11811
		11826
		11829
		11831
		11839
		11844
		11848
		11853
		11860
		11866
		11867
		11871
		11880
		11881
		11883
		11894
		11897
		11898
		11907
		11917
		11919
		11922
		11970
		11976
		11979
		12013
		12016
		12029
		12046
		12073
		12096
		12101
		12316
		12318
		12372
		12376
		12387
		12413
		12416
		12442
		12455
		12473
		12476
		12702
		12704
		12726
		12727
		12739
		12740
		12748
		12749
		12756
		12758
		12768
		12773
		12780
		12793
		12809
		12813
		12818
		12821
		12832
		12839
		12852
		12855
		12861
		12863
		12870
		12879
		12883
		12894
		13079
		13279
		13280
		13281
		13282
		13283
		13334
		13335
		13336
		13337
		13338
		13339
		13340
		13341
		13342
		13343
		13344
		13401
		13402
		13403
		13404
		13408
		13409
		13410
		13411
		13412
		13413
		13414
		13415
		13416
		13417
		13434
		13435
		13436
		13437
		13438
		13439
		13440
		13441
		13442
		13443
		13502
		13503
		13508
		13509
		13510
		13511
		13512
		13513
		13873
		13874
		6
		12
		23
		31
		45
		73
		84
		88
		96
		99
		105
		108
		112
		119
		123
		135
		146
		154
		175
		186
		189
		196
		198
		206
		208
		227
		228
		237
		256
		257
		260
		270
		272
		273
		278
		282
		286
		291
		292
		298
		305
		307
		324
		325
		326
		338
		339
		345
		353
		355
		359
		361
		365
		368
		370
		372
		380
		381
		390
		392
		393
		403
		404
		410
		432
		452
		464
		468
		470
		475
		477
		483
		497
		499
		508
		517
		520
		531
		545
		554
		556
		566
		576
		615
		618
		642
		664
		675
		681
		725
		739
		753
		756
		757
		783
		800
		810
		814
		828
		836
		837
		846
		848
		852
		855
		861
		881
		887
		892
		898
		900
		906
		912
		916
		927
		930
		934
		944
		945
		946
		952
		957
		959
		964
		972
		973
		978
		987
		993
		994
		996
		997
		998
		1001
		1002
		1003
		1004
		1006
		1010
		1014
		1018
		1020
		1023
		1024
		1025
		1027
		1029
		1034
		1036
		1038
		1047
		1051
		1052
		1053
		1054
		1055
		1059
		1061
		1063
		1066
		1067
		1069
		1070
		1073
		1075
		1076
		1078
		1081
		1082
		1083
		1084
		1087
		1089
		1091
		1092
		1094
		1096
		1097
		1098
		1099
		1100
		1101
		1103
		1104
		1107
		1110
		1113
		1114
		1116
		1117
		1120
		1121
		1123
		1124
		1125
		1129
		1131
		1133
		1134
		1136
		1137
		1138
		1139
		1142
		1144
		1146
		1147
		1148
		1150
		1153
		1154
		1157
		1158
		1159
		1161
		1162
		1165
		1166
		1167
		1168
		1169
		1170
		1171
		1172
		1175
		1177
		1179
		1180
		1182
		1183
		1184
		1185
		1187
		1188
		1190
		1191
		1193
		1195
		1196
		1197
		1199
		1200
		1202
		1203
		1208
		1209
		1210
		1213
		1216
		1220
		1221
		1223
		1224
		1225
		1228
		1229
		1230
		1233
		1234
		1238
		1239
		1243
		1244
		1246
		1247
		1248
		1252
		1253
		1254
		1257
		1258
		1261
		1267
		1268
		1272
		1273
		1274
		1275
		1276
		1277
		1278
		1279
		1280
		1281
		1285
		1287
		1288
		1289
		1290
		1291
		1292
		1293
		1294
		1295
		1296
		1297
		1298
		1300
		1302
		1303
		1304
		1305
		1306
		1307
		1308
		1309
		1311
		1312
		1313
		1314
		1315
		1316
		1317
		1318
		1319
		1321
		1322
		1324
		1325
		1326
		1327
		1328
		1330
		1331
		1332
		1333
		1334
		1335
		1336
		1337
		1339
		1340
		1342
		1343
		1344
		1345
		1348
		1349
		1350
		1351
		1353
		1355
		1357
		1359
		1360
		1362
		1363
		1364
		1365
		1366
		1367
		1368
		1369
		1371
		1372
		1373
		1374
		1375
		1376
		1377
		1378
		1379
		1380
		1381
		1382
		1383
		1384
		1385
		1386
		1387
		1388
		1390
		1391
		1392
		1394
		1395
		1396
		1397
		1398
		1399
		1400
		1401
		1402
		1403
		1404
		1405
		1406
		1407
		1409
		1412
		1413
		1415
		1416
		1417
		1418
		1419
		1421
		1423
		1425
		1427
		1428
		1429
		1430
		1437
		1438
		1444
		1448
		1458
		1459
		1460
		1464
		1469
		1474
		1479
		1483
		1484
		1488
		1489
		1492
		1493
		1497
		1499
		1502
		1504
		1505
		1507
		1508
		1510
		1512
		1515
		1517
		1518
		1519
		1520
		1521
		1522
		1525
		1531
		1532
		1533
		1535
		1538
		1541
		1543
		1545
		1548
		1551
		1553
		1554
		1558
		1561
		1563
		1566
		1567
		1569
		1571
		1573
		1574
		1575
		1576
		1577
		1579
		1581
		1588
		1589
		1590
		1591
		1592
		1593
		1597
		1603
		1605
		1607
		1608
		1609
		1612
		1614
		1620
		1622
		1623
		1625
		1627
		1628
		1630
		1632
		1637
		1638
		1640
		1642
		1645
		1647
		1648
		1649
		1650
		1653
		1656
		1657
		1659
		1662
		1664
		1666
		1668
		1672
		1674
		1675
		1676
		1679
		1680
		1684
		1685
		1689
		1693
		1694
		1696
		1697
		1698
		1702
		1703
		1704
		1707
		1708
		1709
		1714
		1718
		1722
		1723
		1724
		1725
		1726
		1727
		1728
		1729
		1730
		1732
		1733
		1735
		1739
		1741
		1742
		1743
		1744
		1745
		1748
		1749
		1750
		1754
		1755
		1757
		1761
		1762
		1765
		1766
		1768
		1771
		1772
		1774
		1775
		1776
		1777
		1778
		1779
		1780
		1781
		1783
		1784
		1787
		1790
		1791
		1792
		1794
		1795
		1796
		1797
		1798
		1800
		1802
		1803
		1805
		1807
		1808
		1810
		1811
		1812
		1813
		1816
		1818
		1819
		1820
		1821
		1823
		1824
		1825
		1826
		1828
		1829
		1834
		1835
		1837
		1838
		1839
		1840
		1841
		1842
		1844
		1845
		1847
		1850
		1852
		1853
		1855
		1856
		1859
		1860
		1863
		1864
		1865
		1868
		1871
		1876
		1877
		1878
		1879
		1880
		1882
		1884
		1889
		1893
		1898
		1908
		1910
		1918
		1919
		1933
		1934
		1943
		1948
		1949
		1959
		1961
		1970
		1971
		1976
		1978
		1980
		1983
		1985
		1990
		1991
		1995
		1996
		1999
		2000
		2002
		2005
		2006
		2010
		2014
		2015
		2017
		2022
		2028
		2030
		2032
		2036
		2039
		2041
		2045
		2047
		2053
		2054
		2058
		2061
		2062
		2067
		2070
		2074
		2076
		2078
		2084
		2086
		2087
		2091
		2092
		2093
		2098
		2099
		2101
		2105
		2117
		2170
		2184
		2222
		2489
		2843
		2853
		2877
		2900
		2923
		2972
		3000
		3004
		3017
		3027
		3041
		3066
		3079
		3087
		3102
		3103
		3112
		3127
		3139
		3146
		3147
		3155
		3166
		3167
		3169
		3177
		3184
		3186
		3196
		3197
		3214
		3216
		3224
		3245
		3246
		3251
		3261
		3264
		3265
		3269
		3270
		3276
		3280
		3282
		3289
		3294
		3300
		3303
		3315
		3316
		3317
		3328
		3330
		3334
		3336
		3343
		3348
		3349
		3357
		3361
		3363
		3365
		3372
		3382
		3383
		3385
		3394
		3404
		3406
		3415
		3427
		3435
		3439
		3456
		3459
		3461
		3467
		3472
		3477
		3486
		3487
		3490
		3502
		3503
		3515
		3517
		3538
		3551
		3563
		3578
		3593
		3597
		3618
		3622
		3651
		3664
		3695
		3723
		3739
		3742
		3745
		3753
		3756
		3774
		3783
		3787
		3791
		3803
		3811
		3814
		3815
		3828
		3830
		3839
		3843
		3848
		3849
		3852
		3860
		3877
		3881
		3888
		3895
		3900
		3904
		3912
		3913
		3929
		3932
		3934
		3944
		3947
		3949
		3955
		3962
		3963
		3970
		3977
		3978
		3981
		3989
		3992
		3995
		3999
		4000
		4001
		4003
		4004
		4005
		4006
		4009
		4010
		4013
		4019
		4023
		4027
		4028
		4031
		4032
		4037
		4038
		4041
		4042
		4045
		4050
		4052
		4053
		4054
		4056
		4058
		4059
		4062
		4064
		4066
		4067
		4069
		4070
		4071
		4072
		4074
		4075
		4077
		4079
		4081
		4082
		4083
		4085
		4086
		4087
		4089
		4090
		4091
		4092
		4093
		4094
		4096
		4099
		4100
		4101
		4102
		4103
		4104
		4105
		4106
		4107
		4110
		4113
		4114
		4118
		4119
		4121
		4122
		4123
		4125
		4126
		4130
		4132
		4134
		4137
		4140
		4141
		4142
		4144
		4147
		4148
		4149
		4152
		4153
		4156
		4157
		4158
		4160
		4162
		4164
		4165
		4167
		4169
		4172
		4173
		4174
		4175
		4177
		4179
		4180
		4181
		4183
		4184
		4185
		4186
		4187
		4188
		4189
		4190
		4192
		4196
		4197
		4198
		4202
		4203
		4204
		4205
		4207
		4208
		4209
		4210
		4211
		4214
		4215
		4216
		4219
		4222
		4223
		4224
		4227
		4228
		4229
		4232
		4233
		4236
		4237
		4238
		4241
		4242
		4245
		4246
		4250
		4251
		4254
		4255
		4256
		4260
		4261
		4262
		4265
		4266
		4269
		4273
		4275
		4276
		4277
		4278
		4279
		4280
		4281
		4282
		4283
		4284
		4286
		4288
		4290
		4291
		4293
		4294
		4295
		4297
		4298
		4299
		4300
		4301
		4302
		4303
		4306
		4307
		4308
		4309
		4310
		4311
		4312
		4313
		4314
		4315
		4316
		4318
		4319
		4320
		4321
		4322
		4323
		4324
		4325
		4326
		4327
		4330
		4333
		4334
		4335
		4336
		4337
		4338
		4339
		4340
		4341
		4344
		4348
		4349
		4350
		4351
		4353
		4354
		4355
		4356
		4357
		4358
		4359
		4361
		4363
		4364
		4365
		4366
		4367
		4368
		4369
		4371
		4372
		4373
		4374
		4375
		4376
		4377
		4379
		4381
		4382
		4383
		4384
		4386
		4387
		4388
		4389
		4390
		4391
		4392
		4394
		4395
		4396
		4397
		4399
		4400
		4401
		4403
		4404
		4405
		4406
		4407
		4408
		4409
		4410
		4411
		4412
		4414
		4416
		4420
		4423
		4424
		4425
		4427
		4429
		4431
		4433
		4434
		4435
		4446
		4454
		4455
		4459
		4467
		4469
		4472
		4480
		4482
		4488
		4492
		4493
		4495
		4496
		4499
		4501
		4503
		4504
		4506
		4511
		4513
		4514
		4516
		4519
		4523
		4525
		4529
		4532
		4536
		4537
		4538
		4539
		4541
		4542
		4544
		4547
		4549
		4551
		4554
		4555
		4557
		4558
		4559
		4561
		4563
		4564
		4566
		4568
		4571
		4572
		4576
		4578
		4579
		4581
		4582
		4585
		4588
		4592
		4595
		4596
		4599
		4606
		4608
		4612
		4613
		4616
		4618
		4619
		4620
		4621
		4626
		4628
		4629
		4631
		4633
		4634
		4636
		4638
		4639
		4642
		4644
		4646
		4649
		4651
		4652
		4654
		4655
		4656
		4659
		4661
		4665
		4669
		4670
		4674
		4675
		4677
		4680
		4681
		4682
		4685
		4686
		4687
		4690
		4692
		4697
		4700
		4701
		4703
		4704
		4705
		4709
		4710
		4711
		4714
		4715
		4716
		4719
		4724
		4725
		4726
		4728
		4729
		4730
		4731
		4732
		4733
		4734
		4737
		4743
		4744
		4745
		4746
		4750
		4751
		4752
		4754
		4758
		4761
		4762
		4764
		4766
		4767
		4768
		4770
		4771
		4773
		4774
		4777
		4779
		4780
		4781
		4782
		4783
		4785
		4786
		4788
		4789
		4792
		4793
		4795
		4797
		4798
		4800
		4801
		4802
		4803
		4805
		4806
		4808
		4809
		4810
		4812
		4813
		4815
		4817
		4818
		4821
		4823
		4824
		4827
		4828
		4829
		4831
		4832
		4835
		4837
		4840
		4841
		4842
		4843
		4844
		4845
		4846
		4847
		4849
		4850
		4852
		4853
		4855
		4856
		4858
		4859
		4862
		4866
		4867
		4868
		4873
		4874
		4876
		4878
		4881
		4882
		4883
		4888
		4891
		4893
		4896
		4900
		4914
		4915
		4923
		4925
		4937
		4939
		4947
		4949
		4950
		4953
		4958
		4960
		4964
		4967
		4971
		4973
		4979
		4984
		4986
		4987
		4990
		4994
		4996
		4998
		4999
		5002
		5003
		5007
		5009
		5011
		5016
		5018
		5019
		5020
		5025
		5029
		5030
		5031
		5032
		5033
		5040
		5042
		5043
		5048
		5055
		5057
		5062
		5063
		5064
		5072
		5075
		5076
		5080
		5082
		5086
		5087
		5092
		5094
		5096
		5100
		5102
		5104
		5105
		5157
		5176
		5193
		5226
		5264
		5310
		5736
		6016
		6025
		6040
		6085
		6089
		6100
		6110
		6112
		6119
		6121
		6124
		6133
		6149
		6158
		6162
		6171
		6177
		6190
		6191
		6192
		6202
		6211
		6213
		6217
		6224
		6226
		6246
		6253
		6274
		6275
		6278
		6285
		6288
		6294
		6297
		6302
		6307
		6308
		6312
		6323
		6327
		6337
		6338
		6339
		6352
		6357
		6366
		6368
		6372
		6374
		6379
		6383
		6388
		6394
		6403
		6404
		6424
		6430
		6450
		6463
		6473
		6479
		6486
		6491
		6498
		6502
		6514
		6515
		6516
		6523
		6525
		6538
		6539
		6541
		6551
		6564
		6574
		6575
		6588
		6601
		6615
		6620
		6638
		6684
		6686
		6715
		6774
		6787
		6791
		6804
		6806
		6811
		6822
		6828
		6833
		6837
		6838
		6851
		6852
		6860
		6863
		6868
		6870
		6873
		6893
		6898
		6904
		6905
		6910
		6918
		6922
		6928
		6932
		6937
		6944
		6947
		6951
		6961
		6963
		6964
		6969
		6981
		6988
		6989
		6994
		6999
		7000
		7004
		7007
		7013
		7014
		7015
		7016
		7019
		7020
		7021
		7025
		7027
		7034
		7035
		7039
		7044
		7046
		7048
		7049
		7050
		7054
		7055
		7058
		7060
		7064
		7067
		7070
		7071
		7072
		7074
		7075
		7078
		7080
		7084
		7085
		7086
		7087
		7089
		7090
		7092
		7093
		7094
		7095
		7097
		7099
		7101
		7102
		7103
		7104
		7105
		7106
		7108
		7109
		7110
		7112
		7113
		7115
		7119
		7120
		7121
		7122
		7124
		7125
		7126
		7128
		7129
		7131
		7135
		7137
		7141
		7142
		7145
		7146
		7150
		7152
		7155
		7157
		7158
		7159
		7160
		7163
		7165
		7167
		7168
		7169
		7171
		7172
		7174
		7175
		7177
		7178
		7179
		7181
		7182
		7186
		7187
		7189
		7190
		7191
		7192
		7195
		7197
		7199
		7200
		7201
		7204
		7205
		7207
		7208
		7210
		7212
		7214
		7217
		7218
		7220
		7221
		7222
		7223
		7224
		7225
		7227
		7228
		7229
		7231
		7232
		7233
		7236
		7237
		7238
		7240
		7243
		7244
		7249
		7250
		7254
		7256
		7260
		7265
		7266
		7270
		7271
		7273
		7274
		7275
		7279
		7280
		7281
		7284
		7285
		7288
		7290
		7292
		7293
		7294
		7295
		7296
		7297
		7298
		7299
		7300
		7301
		7302
		7303
		7307
		7308
		7309
		7310
		7311
		7312
		7313
		7314
		7316
		7317
		7318
		7319
		7320
		7321
		7322
		7323
		7325
		7326
		7327
		7328
		7329
		7330
		7331
		7332
		7334
		7335
		7336
		7337
		7338
		7340
		7341
		7342
		7343
		7344
		7346
		7347
		7350
		7351
		7353
		7354
		7355
		7356
		7357
		7358
		7359
		7360
		7363
		7367
		7368
		7369
		7370
		7371
		7372
		7373
		7374
		7375
		7376
		7380
		7381
		7382
		7383
		7384
		7385
		7387
		7389
		7391
		7392
		7393
		7395
		7396
		7397
		7399
		7400
		7401
		7402
		7403
		7404
		7405
		7406
		7407
		7408
		7410
		7411
		7413
		7415
		7416
		7417
		7418
		7419
		7421
		7423
		7424
		7425
		7426
		7427
		7428
		7429
		7430
		7431
		7432
		7434
		7436
		7438
		7439
		7440
		7441
		7443
		7444
		7445
		7446
		7447
		7448
		7455
		7459
		7463
		7465
		7469
		7475
		7477
		7486
		7491
		7492
		7497
		7501
		7502
		7507
		7508
		7511
		7516
		7518
		7519
		7521
		7523
		7526
		7531
		7532
		7534
		7537
		7540
		7541
		7544
		7545
		7549
		7556
		7557
		7559
		7560
		7562
		7563
		7565
		7568
		7569
		7571
		7572
		7574
		7575
		7577
		7578
		7580
		7582
		7584
		7587
		7591
		7593
		7595
		7596
		7597
		7598
		7600
		7601
		7603
		7606
		7609
		7613
		7616
		7618
		7619
		7625
		7631
		7633
		7634
		7635
		7637
		7639
		7641
		7642
		7645
		7647
		7648
		7650
		7652
		7653
		7654
		7655
		7656
		7657
		7658
		7659
		7662
		7663
		7665
		7670
		7672
		7673
		7674
		7675
		7676
		7680
		7681
		7682
		7685
		7687
		7689
		7691
		7693
		7697
		7701
		7702
		7703
		7706
		7707
		7708
		7711
		7712
		7713
		7717
		7722
		7725
		7726
		7727
		7731
		7732
		7733
		7736
		7737
		7738
		7741
		7743
		7744
		7746
		7748
		7749
		7750
		7751
		7752
		7754
		7757
		7759
		7763
		7765
		7767
		7768
		7769
		7772
		7773
		7774
		7775
		7777
		7778
		7781
		7784
		7785
		7786
		7789
		7790
		7792
		7793
		7795
		7796
		7799
		7800
		7801
		7802
		7803
		7804
		7805
		7806
		7808
		7809
		7812
		7815
		7816
		7817
		7819
		7822
		7823
		7824
		7825
		7828
		7832
		7833
		7835
		7837
		7838
		7841
		7843
		7844
		7846
		7847
		7848
		7849
		7850
		7851
		7854
		7856
		7860
		7861
		7863
		7864
		7866
		7867
		7868
		7870
		7871
		7873
		7874
		7876
		7878
		7881
		7882
		7885
		7886
		7889
		7890
		7894
		7895
		7897
		7898
		7902
		7903
		7905
		7909
		7911
		7916
		7917
		7924
		7926
		7938
		7940
		7948
		7949
		7965
		7971
		7974
		7975
		7976
		7984
		7988
		7997
		7998
		8005
		8007
		8010
		8011
		8013
		8018
		8022
		8023
		8026
		8027
		8029
		8037
		8041
		8042
		8044
		8045
		8049
		8053
		8055
		8059
		8063
		8066
		8067
		8068
		8072
		8076
		8081
		8082
		8086
		8087
		8090
		8091
		8095
		8098
		8099
		8100
		8102
		8104
		8106
		8112
		8114
		8120
		8121
		8126
		8127
		8221
		8360
		8461
		9043
		9050
		9065
		9084
		9099
		9113
		9114
		9121
		9124
		9133
		9136
		9142
		9145
		9146
		9155
		9172
		9180
		9192
		9200
		9205
		9210
		9213
		9214
		9222
		9224
		9225
		9230
		9232
		9243
		9244
		9259
		9270
		9271
		9280
		9283
		9291
		9292
		9293
		9299
		9305
		9307
		9325
		9336
		9337
		9338
		9349
		9354
		9358
		9365
		9368
		9370
		9373
		9381
		9385
		9390
		9391
		9401
		9402
		9420
		9426
		9432
		9440
		9445
		9447
		9453
		9455
		9462
		9469
		9473
		9475
		9487
		9512
		9513
		9514
		9526
		9528
		9530
		9538
		9549
		9553
		9577
		9589
		9592
		9594
		9604
		9605
		9623
		9639
		9641
		9659
		9733
		9735
		9749
		9753
		9759
		9762
		9766
		9768
		9776
		9781
		9782
		9788
		9790
		9795
		9798
		9803
		9807
		9831
		9835
		9841
		9843
		9848
		9854
		9859
		9865
		9866
		9873
		9883
		9885
		9895
		9897
		9899
		9905
		9913
		9918
		9926
		9927
		9928
		9934
		9935
		9936
		9937
		9938
		9939
		9942
		9944
		9946
		9948
		9950
		9951
		9952
		9953
		9955
		9956
		9958
		9959
		9961
		9963
		9965
		9966
		9968
		9969
		9970
		9971
		9972
		9973
		9974
		9975
		9978
		9981
		9982
		9984
		9985
		9987
		9988
		9991
		9993
		9995
		9997
		9998
		9999
		10000
		10001
		10003
		10004
		10006
		10008
		10010
		10011
		10012
		10014
		10015
		10016
		10017
		10018
		10019
		10020
		10021
		10022
		10030
		10032
		10033
		10034
		10035
		10036
		10039
		10040
		10042
		10043
		10044
		10048
		10050
		10052
		10053
		10054
		10055
		10057
		10058
		10060
		10062
		10064
		10065
		10066
		10068
		10069
		10072
		10075
		10076
		10077
		10079
		10080
		10083
		10084
		10085
		10086
		10088
		10090
		10092
		10093
		10095
		10098
		10100
		10101
		10102
		10103
		10105
		10108
		10110
		10112
		10114
		10115
		10116
		10118
		10119
		10121
		10124
		10125
		10128
		10129
		10130
		10131
		10132
		10133
		10134
		10135
		10136
		10137
		10138
		10139
		10140
		10141
		10142
		10143
		10144
		10145
		10146
		10148
		10149
		10150
		10152
		10153
		10154
		10156
		10158
		10161
		10162
		10164
		10165
		10167
		10168
		10169
		10170
		10171
		10173
		10175
		10177
		10178
		10179
		10180
		10181
		10182
		10184
		10185
		10186
		10187
		10188
		10189
		10190
		10191
		10193
		10194
		10195
		10196
		10197
		10199
		10200
		10201
		10202
		10204
		10205
		10207
		10208
		10209
		10210
		10211
		10212
		10213
		10214
		10215
		10216
		10217
		10218
		10219
		10220
		10221
		10222
		10223
		10224
		10225
		10226
		10227
		10229
		10232
		10235
		10236
		10237
		10238
		10239
		10240
		10241
		10243
		10246
		10250
		10252
		10253
		10255
		10256
		10257
		10259
		10261
		10262
		10263
		10264
		10265
		10266
		10267
		10268
		10269
		10270
		10272
		10274
		10275
		10277
		10278
		10279
		10280
		10282
		10283
		10284
		10285
		10286
		10287
		10289
		10290
		10292
		10293
		10294
		10295
		10296
		10297
		10298
		10299
		10300
		10301
		10302
		10304
		10306
		10307
		10308
		10309
		10310
		10311
		10312
		10313
		10314
		10315
		10317
		10321
		10322
		10324
		10325
		10326
		10328
		10329
		10330
		10331
		10332
		10335
		10342
		10344
		10346
		10348
		10349
		10351
		10353
		10354
		10356
		10357
		10358
		10359
		10361
		10363
		10364
		10366
		10367
		10368
		10371
		10372
		10376
		10377
		10379
		10382
		10384
		10386
		10389
		10395
		10397
		10398
		10401
		10404
		10406
		10408
		10409
		10411
		10413
		10414
		10416
		10417
		10420
		10421
		10424
		10425
		10426
		10428
		10429
		10431
		10433
		10434
		10435
		10438
		10443
		10444
		10446
		10450
		10451
		10452
		10453
		10456
		10459
		10462
		10463
		10464
		10466
		10467
		10469
		10470
		10471
		10474
		10476
		10479
		10480
		10485
		10486
		10488
		10490
		10491
		10496
		10499
		10501
		10503
		10506
		10507
		10508
		10509
		10510
		10511
		10512
		10514
		10517
		10519
		10521
		10522
		10524
		10528
		10529
		10530
		10531
		10533
		10536
		10537
		10539
		10540
		10541
		10542
		10543
		10544
		10545
		10546
		10547
		10549
		10550
		10551
		10554
		10555
		10557
		10558
		10559
		10560
		10561
		10562
		10563
		10564
		10565
		10567
		10568
		10570
		10571
		10572
		10574
		10575
		10576
		10577
		10578
		10579
		10580
		10583
		10584
		10589
		10590
		10592
		10596
		10597
		10598
		10600
		10601
		10603
		10604
		10607
		10608
		10610
		10612
		10613
		10614
		10616
		10617
		10619
		10620
		10623
		10626
		10627
		10628
		10629
		10630
		10631
		10632
		10633
		10634
		10635
		10638
		10639
		10641
		10643
		10646
		10647
		10648
		10649
		10652
		10653
		10654
		10655
		10658
		10659
		10660
		10661
		10663
		10664
		10667
		10669
		10670
		10671
		10673
		10674
		10675
		10677
		10678
		10680
		10681
		10683
		10686
		10688
		10689
		10691
		10692
		10695
		10696
		10698
		10699
		10701
		10704
		10705
		10708
		10712
		10713
		10714
		10716
		10720
		10722
		10723
		10724
		10726
		10729
		10733
		10735
		10737
		10741
		10742
		10750
		10751
		10755
		10756
		10757
		10763
		10770
		10772
		10776
		10781
		10782
		10787
		10789
		10794
		10796
		10799
		10801
		10802
		10807
		10808
		10810
		10813
		10816
		10817
		10819
		10821
		10822
		10825
		10826
		10834
		10839
		10841
		10843
		10847
		10852
		10854
		10856
		10863
		10865
		10866
		10872
		10878
		10880
		10885
		10887
		10896
		10897
		10898
		10899
		10903
		10905
		10910
		10911
		10918
		10920
		11025
		11027
		11035
		11047
		11051
		11075
		11087
		11098
		11110
		11111
		11119
		11122
		11124
		11133
		11149
		11158
		11170
		11179
		11180
		11182
		11192
		11193
		11195
		11200
		11203
		11223
		11225
		11228
		11240
		11243
		11255
		11256
		11261
		11263
		11269
		11273
		11275
		11281
		11286
		11292
		11307
		11308
		11319
		11320
		11321
		11328
		11339
		11340
		11348
		11352
		11354
		11356
		11364
		11365
		11373
		11375
		11377
		11387
		11389
		11393
		11395
		11410
		11421
		11429
		11433
		11442
		11448
		11455
		11457
		11458
		11460
		11469
		11472
		11473
		11480
		11482
		11496
		11510
		11523
		11524
		11537
		11538
		11552
		11575
		11578
		11579
		11591
		11607
		11624
		11626
		11629
		11643
		11687
		11701
		11706
		11719
		11736
		11744
		11745
		11750
		11752
		11761
		11764
		11765
		11770
		11771
		11775
		11777
		11781
		11801
		11808
		11815
		11822
		11823
		11828
		11835
		11836
		11847
		11850
		11855
		11862
		11864
		11865
		11878
		11879
		11886
		11893
		11896
		11903
		11904
		11906
		11908
		11909
		11911
		11912
		11913
		11914
		11915
		11916
		11918
		11920
		11924
		11925
		11926
		11928
		11929
		11930
		11931
		11932
		11933
		11936
		11937
		11938
		11941
		11944
		11945
		11946
		11947
		11948
		11949
		11950
		11952
		11955
		11958
		11959
		11960
		11961
		11962
		11963
		11966
		11968
		11972
		11973
		11977
		11978
		11980
		11981
		11982
		11983
		11985
		11986
		11988
		11989
		11990
		11991
		11992
		11993
		11994
		11995
		11996
		11997
		12005
		12006
		12007
		12008
		12010
		12011
		12012
		12014
		12015
		12017
		12019
		12021
		12023
		12026
		12027
		12028
		12030
		12031
		12032
		12035
		12036
		12037
		12040
		12041
		12043
		12045
		12048
		12050
		12052
		12053
		12055
		12056
		12057
		12059
		12060
		12061
		12062
		12063
		12065
		12067
		12068
		12069
		12072
		12074
		12075
		12076
		12077
		12078
		12080
		12084
		12085
		12086
		12089
		12090
		12092
		12093
		12095
		12097
		12102
		12103
		12105
		12106
		12108
		12109
		12110
		12111
		12112
		12113
		12114
		12115
		12116
		12117
		12118
		12119
		12121
		12122
		12125
		12126
		12127
		12128
		12129
		12130
		12131
		12133
		12136
		12137
		12138
		12139
		12140
		12141
		12142
		12143
		12144
		12146
		12148
		12150
		12151
		12152
		12153
		12156
		12157
		12158
		12159
		12160
		12161
		12162
		12163
		12164
		12165
		12167
		12168
		12170
		12171
		12172
		12173
		12174
		12175
		12176
		12177
		12178
		12179
		12180
		12181
		12182
		12184
		12185
		12186
		12187
		12188
		12189
		12190
		12191
		12192
		12194
		12195
		12196
		12197
		12198
		12199
		12200
		12201
		12203
		12204
		12206
		12207
		12208
		12209
		12210
		12212
		12213
		12215
		12216
		12217
		12218
		12219
		12220
		12224
		12225
		12226
		12227
		12228
		12229
		12230
		12232
		12233
		12234
		12235
		12236
		12238
		12239
		12241
		12242
		12243
		12244
		12245
		12247
		12248
		12249
		12250
		12251
		12252
		12253
		12254
		12255
		12256
		12257
		12258
		12260
		12261
		12262
		12263
		12264
		12266
		12267
		12268
		12269
		12270
		12271
		12273
		12274
		12275
		12277
		12279
		12280
		12282
		12283
		12284
		12285
		12286
		12287
		12288
		12292
		12293
		12294
		12295
		12296
		12297
		12298
		12299
		12300
		12302
		12307
		12310
		12314
		12317
		12319
		12322
		12324
		12327
		12329
		12330
		12331
		12332
		12333
		12335
		12337
		12338
		12340
		12342
		12343
		12344
		12345
		12348
		12350
		12352
		12355
		12356
		12358
		12359
		12360
		12363
		12366
		12370
		12373
		12375
		12378
		12383
		12385
		12388
		12390
		12392
		12393
		12395
		12397
		12402
		12403
		12404
		12407
		12408
		12412
		12414
		12415
		12417
		12420
		12421
		12423
		12426
		12427
		12430
		12431
		12432
		12433
		12436
		12443
		12444
		12446
		12447
		12448
		12449
		12452
		12454
		12460
		12462
		12464
		12465
		12467
		12469
		12471
		12472
		12474
		12475
		12478
		12480
		12482
		12483
		12485
		12487
		12488
		12490
		12491
		12492
		12493
		12495
		12500
		12502
		12506
		12507
		12509
		12510
		12511
		12514
		12515
		12517
		12518
		12520
		12521
		12522
		12523
		12524
		12525
		12526
		12527
		12528
		12529
		12530
		12531
		12533
		12536
		12537
		12538
		12539
		12540
		12541
		12542
		12543
		12544
		12545
		12546
		12548
		12549
		12551
		12554
		12555
		12556
		12557
		12558
		12559
		12563
		12564
		12565
		12567
		12569
		12574
		12575
		12579
		12580
		12581
		12583
		12584
		12587
		12590
		12591
		12592
		12594
		12595
		12596
		12598
		12599
		12601
		12602
		12605
		12606
		12608
		12609
		12610
		12611
		12612
		12613
		12614
		12615
		12616
		12618
		12619
		12621
		12622
		12623
		12625
		12626
		12628
		12629
		12630
		12631
		12634
		12635
		12638
		12639
		12640
		12641
		12643
		12644
		12647
		12649
		12650
		12652
		12653
		12654
		12655
		12656
		12657
		12658
		12659
		12660
		12662
		12665
		12666
		12668
		12669
		12671
		12672
		12675
		12678
		12679
		12681
		12683
		12686
		12687
		12690
		12691
		12694
		12695
		12696
		12700
		12705
		12706
		12708
		12713
		12717
		12718
		12722
		12724
		12730
		12732
		12734
		12737
		12743
		12750
		12754
		12761
		12763
		12767
		12769
		12774
		12776
		12777
		12779
		12781
		12784
		12786
		12788
		12789
		12792
		12797
		12799
		12801
		12805
		12807
		12815
		12819
		12820
		12822
		12829
		12831
		12837
		12841
		12844
		12846
		12854
		12860
		12864
		12868
		12871
		12876
		12877
		12880
		12882
		12884
		12886
		12890
		12892
		12895
		12898
		12899
		12905
		12955
		13001
		13002
		13005
		13008
		13019
		13020
		13021
		13022
		13023
		13024
		13025
		13026
		13027
		13028
		13029
		13030
		13031
		13032
		13033
		13034
		13035
		13036
		13037
		13038
		13039
		13040
		13041
		13042
		13043
		13044
		13045
		13046
		13047
		13048
		13049
		13050
		13051
		13052
		13053
		13054
		13055
		13056
		13057
		13059
		13060
		13061
		13062
		13063
		13064
		13065
		13067
		13076
		13080
		13082
		13143
		13150
		13197
		13204
		13207
		13208
		13262
		13263
		13264
		13265
		13289
		13290
		13293
		13294
		13295
		13296
		13302
		13305
		13306
		13432
		13433
		13542
		13544
		13769
		13770
		13771
		13772
		13773
		13852
		13853
		13854
		13855
		13867
		13897
		13898
		13899
		13905
		13906
		13907
		13908
		13909
		13910
		13911
		13912
		13913
		13914
		13915
		13916
		13917
		13918
		13919
		13920
		13921
		13922
		13923
		13924
		13925
		13926
		13927
		13928
		13929
		13930
		13931
		13932
		13933
		13934
		13935
		13936
		13937
		13938
		13939
		13940
		13941
		13942
		13943
		13944
		13945
		13946
		13947
		13948
		13949
		13950
		13951
		13952
		13953
		14127
		14128
		14129
		14130
		14131
		14132
		14133
		14134
		14135
		14136
		14137
		14228
		14229
		14230
		14231
		14232
		14233
		14234
		14236
		14237
		14238
		14239
		14240
		14241
		14242
		14243
		14244
		14245
		14246
		14247
		14248
		14249
		14250
		14251
		14252
		14253
		14254
		14255
		14256
		14257
		14258
		14259
		14260
		14261
		14262
		14263
		14264
		14265
		14266
		14267
		14268
		14269
		14270
		14271
		14272
		14273
		14274
		14275
		14276
		14277
		14278
		14279
		14280
		14281
		14282
		14283
		14284
		14285
		14286
		14287
		14288
		14289
		14290
		14291
		14292
		14296
		14297
		14298
		14300
		14301
		14302
		14303
		14304
		14305
		14306
		14307
		14308
		14309
		14310
		14311
		14312
		14313
		14314
		14315
		14316
		14317
		14318
		14319
		14320
		14321
		14322
		14323
		14324
		14325
		14371
		14372
		14373
		14374
		14375
		14376
		14377
		14378
		14379
		14380
		14381
		14382
		14383
		14384
		14385
		14386
		14387
		14388
		14389
		14390
		14391
		14392
		14393
		14394
		14395
		14396
		14397
		14398
		14399
		14400
		14401
		14402
		14403
		14404
		14405
		14406
		14407
		14408
		14409
		14410
		14411
		14412
		14413
		14414
		14415
		14416
		14417
		14418
		14419
		14420
		14421
		14422
		14423
		14424
		14425
		14426
		14427
		14428
		14429
		14430
		14431
		14432
		14433
		14434
		14435
		14436
		14437
		14438
		14439
		14440
		14441
		14442
		14443
		14446
		14447
		14448
		14449
		14450
		14451
		14452
		14453
		14454
		14455
		14456
		14457
		14458
		14459
		14460
		14461
		14462
		14463
		14464
		14465
		14466
		14467
		14468
		14469
		14470
		14471
		14472
		14473
		14474
		14475
		14476
		14477
		14478
		14479
		14480
		14481
		14482
		14483
		14552
		14553
		14554
		14555
		14567
		14568
		14569
		14570
		14571
		14572
		14573
		14574
		14575
		14576
		14577
		14578
		14579
		14580
		14581
		14582
		14584
		14585
		14586
		14587
		14588
		14589
		14590
		14591
		14592
		14593
		14617
		14618
		191
		697
		988
		989
		992
		1013
		1028
		1037
		1041
		1043
		1046
		1057
		1058
		1060
		1062
		1064
		1068
		1071
		1079
		1080
		1095
		1102
		1105
		1111
		1115
		1118
		1126
		1127
		1128
		1130
		1140
		1141
		1143
		1145
		1149
		1151
		1152
		1160
		1174
		1181
		1186
		1189
		1194
		1198
		1204
		1206
		1207
		1468
		1473
		1494
		1509
		1516
		1552
		1580
		1688
		1731
		1817
		1833
		1846
		1874
		1883
		1891
		1897
		1901
		1903
		1905
		1909
		1914
		1929
		1932
		1939
		1950
		1951
		1953
		1956
		1958
		1960
		1962
		1964
		1966
		1967
		1968
		1969
		1974
		1975
		1977
		1984
		1989
		1992
		1993
		1994
		2001
		2003
		2009
		2012
		2016
		2020
		2024
		2025
		2034
		2038
		2040
		2044
		2046
		2049
		2050
		2056
		2063
		2064
		2066
		2068
		2072
		2073
		2080
		2081
		2088
		2094
		2096
		2100
		2115
		2120
		2123
		2126
		2151
		2154
		2159
		2165
		2171
		2176
		2180
		2188
		2192
		2193
		2196
		2200
		2202
		2206
		2207
		2213
		2216
		2217
		2220
		2229
		3109
		3118
		3123
		3165
		3181
		3854
		3987
		3991
		3996
		4018
		4022
		4033
		4046
		4047
		4051
		4055
		4057
		4060
		4061
		4063
		4068
		4073
		4076
		4084
		4097
		4108
		4116
		4117
		4120
		4128
		4129
		4131
		4133
		4136
		4138
		4139
		4143
		4145
		4146
		4150
		4151
		4154
		4163
		4171
		4176
		4191
		4194
		4199
		4200
		4515
		4528
		4556
		4584
		4696
		4735
		4822
		4851
		4879
		4889
		4897
		4902
		4903
		4909
		4910
		4913
		4918
		4920
		4927
		4933
		4938
		4941
		4948
		4952
		4954
		4957
		4961
		4962
		4963
		4970
		4972
		4978
		4985
		4989
		4992
		4995
		4997
		5004
		5010
		5012
		5013
		5017
		5028
		5034
		5035
		5036
		5039
		5041
		5045
		5046
		5047
		5053
		5054
		5060
		5065
		5068
		5069
		5070
		5077
		5078
		5079
		5084
		5091
		5095
		5097
		5101
		5106
		5117
		5128
		5136
		5139
		5154
		5155
		5158
		5160
		5164
		5177
		5180
		5185
		5189
		5196
		5199
		5203
		5210
		5212
		5217
		5221
		5222
		5224
		5231
		6008
		6020
		6027
		6039
		7005
		7008
		7011
		7030
		7033
		7040
		7041
		7063
		7065
		7066
		7069
		7073
		7076
		7077
		7079
		7081
		7082
		7088
		7091
		7100
		7116
		7117
		7132
		7133
		7136
		7139
		7144
		7148
		7149
		7154
		7156
		7161
		7162
		7164
		7166
		7173
		7180
		7188
		7194
		7203
		7206
		7209
		7215
		7216
		7219
		7548
		7576
		7605
		7716
		7770
		7842
		7872
		7900
		7908
		7912
		7919
		7925
		7930
		7931
		7939
		7943
		7944
		7950
		7954
		7958
		7959
		7963
		7972
		7978
		7979
		7980
		7983
		7985
		7987
		7989
		7992
		7996
		8000
		8006
		8008
		8015
		8016
		8019
		8021
		8028
		8034
		8035
		8036
		8038
		8039
		8043
		8046
		8048
		8052
		8054
		8058
		8061
		8062
		8065
		8069
		8071
		8077
		8078
		8084
		8088
		8094
		8096
		8103
		8105
		8109
		8111
		8116
		8122
		8124
		8128
		8133
		8136
		8138
		8144
		8164
		8178
		8180
		8182
		8183
		8188
		8193
		8201
		8202
		8205
		8207
		8214
		8219
		8223
		8244
		8245
		8246
		8248
		9137
		9152
		9943
		9945
		9957
		9960
		9962
		9964
		9976
		9977
		9980
		9983
		9986
		9989
		9992
		9994
		10005
		10013
		10023
		10025
		10026
		10028
		10031
		10037
		10045
		10046
		10049
		10059
		10061
		10067
		10070
		10071
		10073
		10078
		10082
		10091
		10097
		10104
		10107
		10113
		10117
		10120
		10123
		10126
		10127
		10400
		10415
		10442
		10525
		10538
		10566
		10594
		10668
		10697
		10725
		10734
		10739
		10743
		10745
		10749
		10754
		10758
		10761
		10762
		10764
		10766
		10771
		10775
		10777
		10779
		10780
		10784
		10785
		10788
		10795
		10803
		10805
		10812
		10814
		10818
		10820
		10827
		10829
		10831
		10833
		10836
		10838
		10844
		10845
		10851
		10857
		10858
		10859
		10860
		10862
		10868
		10869
		10875
		10877
		10883
		10884
		10891
		10893
		10900
		10902
		10907
		10908
		10915
		10917
		10919
		10921
		10928
		10929
		10930
		10932
		10948
		10951
		10957
		10962
		10963
		10966
		10968
		10972
		10976
		10978
		10988
		10993
		11012
		11014
		11015
		11017
		11108
		11145
		11194
		11910
		11921
		11923
		11934
		11935
		11939
		11940
		11943
		11951
		11953
		11954
		11957
		11964
		11967
		11969
		11974
		11987
		11999
		12000
		12002
		12004
		12009
		12018
		12020
		12022
		12025
		12033
		12034
		12039
		12042
		12044
		12049
		12051
		12064
		12071
		12079
		12082
		12087
		12088
		12091
		12094
		12099
		12100
		12391
		12419
		12504
		12519
		12547
		12589
		12648
		12677
		12692
		12707
		12710
		12711
		12714
		12719
		12723
		12725
		12731
		12733
		12741
		12742
		12744
		12747
		12751
		12757
		12759
		12760
		12762
		12764
		12766
		12771
		12775
		12783
		12785
		12787
		12794
		12795
		12796
		12800
		12802
		12806
		12808
		12812
		12814
		12816
		12817
		12824
		12826
		12830
		12834
		12836
		12838
		12840
		12842
		12843
		12847
		12849
		12851
		12856
		12857
		12858
		12862
		12866
		12874
		12881
		12887
		12888
		12889
		12891
		12896
		12900
		12907
		12908
		12911
		12921
		12925
		12927
		12929
		12935
		12940
		12941
		12944
		12945
		12950
		12956
		12958
		12963
		12967
		12971
		12975
		12981
		12985
		12986
		12989
		12991
		13013
		13014
		13015
		13016
		13017
		13018
		13071
		13072
		13073
		13074
		13077
		13078
		13209
		13210
		13211
		13212
		13213
		13217
		13258
		13259
		13260
		13261
		13270
		13271
		13272
		13273
		13274
		13288
		13291
		13297
		13298
		13300
		13304
		13322
		13323
		13324
		13325
		13326
		13328
		13358
		13359
		13360
		13361
		13362
		13363
		13364
		13365
		13366
		13372
		13382
		13383
		13384
		13385
		13386
		13387
		13388
		13389
		13390
		13391
		13392
		13393
		13394
		13395
		13396
		13397
		13398
		13399
		13400
		13447
		13448
		13449
		13450
		13451
		13452
		13453
		13454
		13455
		13456
		13457
		13458
		13459
		13460
		13461
		13462
		13463
		13464
		13465
		13466
		13467
		13468
		13469
		13470
		13471
		13472
		13473
		13476
		13477
		13478
		13480
		13481
		13482
		13483
		13484
		13485
		13486
		13487
		13488
		13489
		13490
		13491
		13492
		13493
		13494
		13495
		13496
		13497
		13498
		13499
		13500
		13501
		13506
		13507
		13858
		13859
		13860
		14117
		14118
		14119
		14120
		14121
		14122
		14123
		14124
		14125
		14126
		14138
		14139
		14140
		14141
		14142
		14143
		14144
		14145
		14146
		14299
		14556
		14557
		14566
		1042
		1085
		1217
		1222
		1237
		1242
		1263
		1269
		1283
		1286
		1301
		1310
		1329
		1358
		1361
		1370
		1389
		1410
		1422
		1431
		1454
		1472
		1478
		1498
		1501
		1511
		1514
		1526
		1537
		1540
		1546
		1557
		1565
		1570
		1602
		1611
		1617
		1629
		1644
		1652
		1667
		1713
		1746
		1759
		1773
		1786
		1801
		1814
		1861
		2114
		2116
		2129
		2130
		2133
		2139
		2146
		2155
		2157
		2163
		2166
		2177
		2183
		2186
		2187
		2189
		2191
		2197
		2201
		2203
		2205
		2211
		2219
		2221
		2223
		4226
		4231
		4247
		4252
		4268
		4289
		4292
		4304
		4317
		4329
		4332
		4346
		4352
		4378
		4393
		4415
		4418
		4421
		4441
		4453
		4462
		4468
		4478
		4481
		4487
		4500
		4502
		4505
		4509
		4517
		4520
		4524
		4530
		4543
		4546
		4552
		4560
		4593
		4615
		4630
		4632
		4635
		4645
		4648
		4658
		4673
		4718
		4748
		4763
		4776
		4791
		4804
		4819
		4836
		4864
		5125
		5134
		5135
		5138
		5161
		5170
		5175
		5181
		5183
		5187
		5195
		5197
		5198
		5206
		5207
		5211
		5225
		5227
		7251
		7264
		7269
		7305
		7324
		7333
		7339
		7349
		7352
		7362
		7365
		7378
		7390
		7409
		7412
		7437
		7450
		7453
		7457
		7471
		7481
		7487
		7496
		7506
		7512
		7520
		7522
		7525
		7529
		7533
		7535
		7538
		7542
		7564
		7566
		7567
		7570
		7579
		7585
		7592
		7608
		7610
		7614
		7623
		7627
		7649
		7651
		7664
		7666
		7669
		7692
		7742
		7755
		7783
		7798
		7811
		7826
		7839
		7859
		7887
		8130
		8134
		8152
		8155
		8165
		8186
		8200
		8204
		8206
		8209
		8212
		8220
		8228
		8230
		8232
		8234
		8235
		8237
		8241
		8243
		8247
		8249
		10147
		10160
		10166
		10206
		10231
		10234
		10248
		10251
		10260
		10276
		10288
		10291
		10316
		10319
		10334
		10336
		10338
		10350
		10365
		10369
		10373
		10378
		10388
		10396
		10423
		10427
		10430
		10436
		10445
		10455
		10458
		10460
		10473
		10475
		10487
		10500
		10505
		10518
		10553
		10581
		10609
		10622
		10637
		10650
		10665
		10682
		10710
		10925
		10927
		10936
		10937
		10941
		10949
		10950
		10955
		10958
		10969
		10971
		10974
		10977
		10979
		10983
		10991
		10997
		11006
		11011
		11013
		11016
		11018
		11019
		12104
		12107
		12120
		12123
		12132
		12135
		12154
		12193
		12222
		12237
		12240
		12246
		12265
		12290
		12308
		12311
		12315
		12323
		12326
		12339
		12354
		12362
		12367
		12371
		12377
		12382
		12386
		12400
		12406
		12411
		12424
		12435
		12451
		12457
		12484
		12499
		12532
		12560
		12576
		12604
		12617
		12632
		12645
		12664
		12904
		12906
		12910
		12912
		12915
		12918
		12924
		12926
		12931
		12932
		12934
		12936
		12948
		12949
		12957
		12962
		12966
		12968
		12974
		12976
		12980
		12988
		12990
		12992
		12993
		12995
		14026
		14027
		14029
		14030
		14031
		14032
		14033
		14034
		14035
		14036
		14037
		14038
		14039
		14040
		14041
		14042
		14043
		14044
		14045
		14046
		14047
		14048
		14049
		14050
		14051
		14052
		14053
		14054
		14055
		14056
		14057
		14058
		14059
		14060
		14061
		14062
		14063
		14064
		14065
		14066
		14067
		14068
		14069
		14070
		14071
		14072
		14073
		14074
		14075
		14076
		14077
		14078
		14079
		14080
		14081
		14082
		14083
		14084
		14085
		14086
		14087
		14088
		14089
		14090
		14091
		14092
		14093
		14094
		14095
		14096
		14097
		14098
		14099
		14100
		14101
		14102
		14103
		14104
		14105
		14106
		14107
		14108
		14109
		14110
		14111
		14112
		14113
		14114
		14115
		14116
		14147
		14148
		14149
		14150
		14151
		14152
		14153
		14154
		14155
		14156
		14157
		14158
		14159
		14160
		14161
		14162
		14163
		14164
		14165
		14166
		14167
		14168
		14169
		14170
		14171
		14172
		14173
		14174
		14175
		14176
		14177
		14178
		14179
		14180
		14181
		14182
		14183
		14184
		14185
		14186
		14187
		14188
		14189
		14190
		14191
		14192
		14193
		14194
		14195
		14196
		14197
		14198
		14199
		14200
		14201
		14202
		14203
		14204
		14205
		14206
		14207
		14208
		14209
		14210
		14211
		14212
		14213
		14214
		14215
		14216
		14598
		14599
		14600
		14601
		14602
		14603
		14604
		14605
		14606
		14607
		153
		177
		379
		650
		1440
		1446
		1449
		1513
		1524
		1529
		1542
		1550
		1555
		1568
		1583
		1585
		1594
		1596
		1598
		1613
		1624
		1626
		1633
		1635
		1639
		1641
		1654
		1887
		1928
		1937
		1944
		1979
		1981
		1988
		1997
		2007
		2023
		2031
		2035
		2052
		2075
		2077
		2079
		2085
		2106
		2109
		2111
		2132
		2136
		2142
		2147
		2149
		2150
		2152
		2153
		2156
		2158
		2160
		2161
		2162
		2164
		2167
		2168
		2169
		2172
		2173
		2174
		2175
		2178
		2179
		2181
		2182
		2185
		2190
		2194
		2195
		2198
		2199
		2204
		2208
		2209
		2210
		2212
		2214
		2215
		2218
		2224
		2225
		2226
		2227
		2228
		3284
		4155
		4436
		4450
		4457
		4476
		4526
		4533
		4548
		4570
		4573
		4575
		4587
		4589
		4598
		4600
		4602
		4604
		4611
		4617
		4624
		4641
		4643
		4647
		4892
		4934
		4942
		4969
		4980
		4982
		4991
		5000
		5008
		5023
		5026
		5051
		5056
		5083
		5088
		5107
		5110
		5112
		5115
		5118
		5120
		5121
		5131
		5143
		5146
		5148
		5151
		5152
		5153
		5156
		5159
		5162
		5163
		5165
		5166
		5167
		5168
		5169
		5171
		5172
		5173
		5174
		5178
		5179
		5182
		5184
		5186
		5188
		5190
		5191
		5192
		5194
		5200
		5201
		5202
		5204
		5208
		5209
		5213
		5214
		5215
		5216
		5218
		5219
		5220
		5223
		5228
		5229
		5230
		5232
		5317
		7123
		7245
		7451
		7476
		7500
		7546
		7550
		7553
		7561
		7581
		7589
		7590
		7594
		7617
		7621
		7622
		7630
		7632
		7636
		7638
		7660
		7915
		7936
		7968
		7991
		7993
		8017
		8024
		8047
		8050
		8056
		8075
		8080
		8107
		8113
		8129
		8140
		8143
		8148
		8149
		8157
		8160
		8161
		8169
		8172
		8175
		8176
		8177
		8179
		8181
		8184
		8185
		8187
		8189
		8190
		8191
		8192
		8194
		8195
		8196
		8197
		8198
		8199
		8203
		8208
		8210
		8211
		8213
		8215
		8216
		8217
		8218
		8222
		8224
		8225
		8226
		8227
		8229
		8231
		8233
		8238
		8239
		8240
		8242
		8250
		8251
		8252
		8253
		8254
		8255
		9377
		10254
		10345
		10347
		10360
		10362
		10374
		10375
		10390
		10392
		10402
		10405
		10418
		10419
		10432
		10440
		10447
		10482
		10484
		10494
		10498
		10502
		10513
		10515
		10728
		10736
		10747
		10767
		10790
		10792
		10823
		10842
		10846
		10849
		10855
		10864
		10874
		10879
		10886
		10888
		10906
		10912
		10924
		10926
		10931
		10933
		10934
		10935
		10938
		10939
		10940
		10942
		10943
		10944
		10945
		10946
		10947
		10952
		10953
		10954
		10956
		10959
		10960
		10961
		10964
		10965
		10967
		10970
		10973
		10975
		10980
		10981
		10982
		10984
		10985
		10986
		10987
		10989
		10990
		10992
		10994
		10995
		10996
		10998
		10999
		11000
		11001
		11002
		11003
		11004
		11005
		11007
		11008
		11009
		11010
		11020
		11021
		11022
		11023
		11106
		11350
		12304
		12306
		12321
		12334
		12336
		12347
		12349
		12351
		12364
		12379
		12394
		12396
		12409
		12422
		12428
		12438
		12440
		12453
		12466
		12468
		12477
		12479
		12481
		12494
		12496
		12703
		12716
		12729
		12738
		12770
		12772
		12790
		12798
		12823
		12825
		12828
		12845
		12853
		12865
		12869
		12872
		12878
		12885
		12901
		12902
		12903
		12909
		12913
		12914
		12916
		12917
		12919
		12920
		12922
		12923
		12928
		12930
		12933
		12937
		12938
		12939
		12942
		12943
		12946
		12947
		12951
		12952
		12953
		12954
		12959
		12960
		12961
		12964
		12965
		12969
		12970
		12972
		12973
		12977
		12978
		12979
		12982
		12983
		12984
		12987
		12994
		12996
		12997
		12998
		12999
		13000
		13009
		13012
		13084
		13085
		13086
		13087
		13092
		13093
		13195
		13284
		13303
		13902
		373
		490
		492
		505
		515
		528
		598
		602
		605
		610
		634
		638
		659
		677
		689
		691
		695
		702
		703
		706
		709
		710
		715
		718
		720
		722
		733
		734
		736
		749
		751
		761
		763
		766
		768
		774
		777
		779
		781
		788
		801
		805
		822
		823
		827
		831
		847
		850
		853
		859
		860
		862
		865
		866
		868
		870
		873
		880
		882
		891
		894
		905
		908
		913
		917
		926
		941
		951
		954
		968
		971
		983
		986
		1019
		1077
		1132
		1135
		1163
		1214
		1262
		1282
		1284
		1299
		1320
		1323
		1338
		1341
		1347
		1352
		1354
		1356
		1393
		1408
		1411
		1414
		1420
		1424
		1426
		1432
		1433
		1436
		1441
		1445
		1453
		1480
		1485
		1500
		1503
		1506
		1523
		1527
		1528
		1534
		1547
		1556
		1559
		1560
		1562
		1564
		1572
		1582
		1584
		1586
		1587
		1595
		1601
		1604
		1615
		1618
		1619
		1621
		1643
		1646
		1651
		1655
		1658
		1663
		1671
		1678
		1683
		1690
		1712
		1719
		1734
		1736
		1737
		1738
		1740
		1747
		1752
		1753
		1756
		1758
		1760
		1763
		1764
		1767
		1769
		1770
		1782
		1785
		1788
		1789
		1793
		1799
		1804
		1806
		1809
		1815
		1827
		1830
		1831
		1832
		1836
		1843
		1848
		1849
		1851
		1854
		1857
		1858
		1862
		1866
		1867
		1869
		1870
		1872
		1873
		1875
		1881
		1892
		1900
		1904
		1913
		1915
		1927
		1945
		1952
		1954
		1965
		1972
		1987
		1998
		2008
		2011
		2019
		2021
		2037
		2042
		2043
		2051
		2055
		2060
		2069
		2082
		2083
		2102
		2104
		2407
		2947
		3010
		3208
		3471
		3481
		3498
		3513
		3588
		3602
		3605
		3606
		3608
		3613
		3635
		3640
		3644
		3661
		3677
		3678
		3685
		3687
		3691
		3693
		3697
		3699
		3702
		3706
		3708
		3710
		3712
		3715
		3719
		3721
		3732
		3733
		3736
		3747
		3750
		3763
		3766
		3769
		3775
		3778
		3781
		3784
		3800
		3802
		3806
		3823
		3824
		3829
		3834
		3840
		3847
		3850
		3853
		3855
		3863
		3867
		3869
		3872
		3875
		3878
		3880
		3883
		3894
		3897
		3906
		3911
		3917
		3925
		3941
		3957
		3960
		3972
		3975
		3994
		4029
		4166
		4168
		4218
		4270
		4274
		4285
		4287
		4296
		4305
		4328
		4331
		4342
		4343
		4345
		4347
		4360
		4362
		4380
		4385
		4398
		4402
		4413
		4417
		4419
		4422
		4426
		4428
		4430
		4432
		4437
		4442
		4444
		4445
		4449
		4452
		4464
		4491
		4507
		4508
		4510
		4518
		4521
		4522
		4527
		4531
		4535
		4540
		4565
		4567
		4569
		4577
		4586
		4590
		4594
		4597
		4601
		4607
		4610
		4622
		4623
		4625
		4627
		4650
		4653
		4657
		4664
		4666
		4668
		4678
		4691
		4695
		4720
		4723
		4727
		4736
		4738
		4739
		4740
		4741
		4742
		4747
		4749
		4753
		4756
		4757
		4759
		4760
		4765
		4769
		4772
		4775
		4778
		4784
		4787
		4790
		4794
		4796
		4799
		4807
		4811
		4814
		4816
		4820
		4826
		4830
		4833
		4834
		4838
		4839
		4848
		4854
		4857
		4860
		4863
		4865
		4869
		4870
		4871
		4872
		4875
		4877
		4880
		4884
		4887
		4898
		4904
		4908
		4919
		4946
		4955
		4956
		4965
		4975
		4977
		4988
		5001
		5015
		5021
		5022
		5038
		5044
		5052
		5059
		5061
		5066
		5071
		5085
		5090
		5103
		5119
		5205
		5239
		5257
		6482
		6510
		6607
		6610
		6625
		6630
		6662
		6665
		6676
		6681
		6694
		6696
		6699
		6705
		6707
		6710
		6713
		6717
		6719
		6722
		6726
		6728
		6732
		6737
		6740
		6742
		6745
		6752
		6754
		6757
		6767
		6769
		6772
		6778
		6779
		6782
		6785
		6795
		6797
		6798
		6803
		6823
		6827
		6845
		6846
		6850
		6855
		6861
		6869
		6872
		6874
		6876
		6881
		6882
		6885
		6887
		6890
		6892
		6897
		6899
		6909
		6911
		6916
		6929
		6943
		6958
		6968
		6971
		6974
		6984
		6987
		7012
		7045
		7083
		7118
		7134
		7138
		7185
		7202
		7255
		7259
		7289
		7291
		7304
		7306
		7315
		7345
		7348
		7361
		7364
		7366
		7379
		7386
		7388
		7398
		7414
		7420
		7422
		7433
		7435
		7442
		7449
		7458
		7462
		7464
		7466
		7480
		7485
		7517
		7524
		7527
		7528
		7536
		7539
		7543
		7547
		7551
		7552
		7555
		7558
		7583
		7586
		7588
		7599
		7607
		7611
		7612
		7615
		7626
		7628
		7629
		7640
		7643
		7644
		7646
		7667
		7668
		7677
		7683
		7684
		7688
		7696
		7718
		7721
		7745
		7747
		7753
		7756
		7758
		7760
		7761
		7762
		7764
		7766
		7771
		7776
		7779
		7780
		7782
		7787
		7788
		7791
		7794
		7797
		7807
		7810
		7813
		7814
		7818
		7820
		7821
		7827
		7829
		7830
		7831
		7834
		7836
		7840
		7845
		7852
		7853
		7855
		7858
		7862
		7865
		7869
		7875
		7877
		7879
		7880
		7883
		7884
		7888
		7891
		7892
		7893
		7896
		7899
		7901
		7904
		7913
		7920
		7921
		7935
		7945
		7964
		7973
		7981
		7986
		7999
		8003
		8012
		8014
		8025
		8032
		8033
		8057
		8064
		8070
		8079
		8083
		8089
		8097
		8110
		8115
		8119
		8236
		9450
		9467
		9480
		9580
		9583
		9585
		9601
		9615
		9616
		9634
		9637
		9653
		9654
		9657
		9662
		9664
		9667
		9669
		9671
		9673
		9675
		9678
		9682
		9684
		9693
		9695
		9697
		9708
		9711
		9713
		9721
		9724
		9727
		9730
		9740
		9743
		9746
		9747
		9754
		9758
		9760
		9773
		9774
		9775
		9779
		9786
		9789
		9792
		9796
		9801
		9802
		9804
		9808
		9810
		9814
		9820
		9822
		9825
		9829
		9832
		9834
		9836
		9847
		9850
		9855
		9864
		9876
		9880
		9892
		9908
		9910
		9911
		9920
		9923
		9931
		9949
		9967
		9996
		10029
		10047
		10051
		10081
		10096
		10151
		10155
		10157
		10159
		10172
		10174
		10176
		10183
		10192
		10198
		10228
		10230
		10233
		10242
		10244
		10245
		10247
		10249
		10258
		10271
		10273
		10281
		10303
		10305
		10318
		10320
		10327
		10333
		10337
		10339
		10340
		10341
		10343
		10352
		10355
		10370
		10380
		10381
		10387
		10391
		10393
		10394
		10407
		10410
		10412
		10422
		10437
		10439
		10441
		10448
		10449
		10457
		10461
		10465
		10468
		10477
		10478
		10481
		10483
		10489
		10492
		10495
		10504
		10516
		10520
		10526
		10527
		10532
		10534
		10535
		10548
		10552
		10556
		10569
		10573
		10582
		10585
		10586
		10587
		10588
		10591
		10593
		10595
		10599
		10602
		10605
		10606
		10611
		10615
		10618
		10621
		10624
		10625
		10636
		10640
		10642
		10644
		10645
		10651
		10656
		10657
		10662
		10666
		10672
		10676
		10679
		10684
		10685
		10687
		10690
		10693
		10694
		10700
		10702
		10703
		10706
		10707
		10709
		10711
		10715
		10717
		10718
		10719
		10721
		10727
		10730
		10732
		10738
		10740
		10746
		10753
		10765
		10769
		10773
		10778
		10783
		10798
		10800
		10809
		10824
		10830
		10832
		10848
		10853
		10861
		10867
		10871
		10889
		10894
		10895
		10909
		10914
		10916
		11440
		11495
		11509
		11567
		11569
		11571
		11585
		11589
		11602
		11621
		11635
		11637
		11641
		11648
		11650
		11654
		11656
		11658
		11660
		11662
		11665
		11667
		11669
		11680
		11682
		11685
		11695
		11698
		11712
		11714
		11717
		11722
		11725
		11728
		11731
		11733
		11738
		11740
		11743
		11757
		11758
		11760
		11763
		11769
		11772
		11776
		11782
		11783
		11785
		11788
		11789
		11791
		11795
		11799
		11800
		11802
		11814
		11817
		11830
		11841
		11859
		11873
		11876
		11888
		11890
		11892
		11900
		11902
		11927
		11942
		11971
		11975
		12024
		12054
		12124
		12134
		12145
		12147
		12149
		12155
		12166
		12183
		12202
		12205
		12211
		12214
		12221
		12223
		12231
		12259
		12272
		12276
		12278
		12281
		12289
		12291
		12301
		12303
		12305
		12312
		12313
		12325
		12328
		12341
		12346
		12353
		12357
		12361
		12365
		12368
		12369
		12374
		12381
		12384
		12398
		12399
		12401
		12405
		12410
		12418
		12425
		12429
		12437
		12439
		12445
		12456
		12458
		12459
		12461
		12463
		12470
		12486
		12489
		12497
		12498
		12501
		12503
		12505
		12508
		12512
		12513
		12516
		12534
		12535
		12550
		12552
		12553
		12561
		12566
		12568
		12570
		12571
		12572
		12573
		12577
		12578
		12582
		12585
		12586
		12588
		12593
		12597
		12600
		12603
		12607
		12620
		12624
		12627
		12633
		12636
		12637
		12642
		12646
		12651
		12661
		12663
		12667
		12670
		12673
		12676
		12680
		12682
		12684
		12685
		12688
		12693
		12697
		12698
		12699
		12701
		12709
		12712
		12715
		12720
		12721
		12728
		12735
		12736
		12745
		12746
		12752
		12753
		12755
		12765
		12778
		12782
		12791
		12803
		12804
		12810
		12811
		12827
		12833
		12835
		12848
		12850
		12859
		12867
		12873
		12875
		12893
		12897
		13010
		13058
		13066
		13069
		13075
		13088
		13089
		13090
		13091
		13094
		13196
		13202
		13203
		13214
		13215
		13216
		13238
		13240
		13241
		13242
		13243
		13244
		13247
		13249
		13250
		13251
		13252
		13370
		13371
		13373
		13374
		13375
		13515
		13516
		13528
		13532
		13539
		13540
		13543
		13545
		13546
		13547
		13548
		13549
		13550
		13551
		13552
		13553
		13554
		13555
		13556
		13557
		13851
		13904
		14223
		14235
		14293
		14294
		14295
		14444
		14445
		14542
		14543
		14544
		14545
		14546
		14547
		14548
		14549
		14550
		14551
		2
		3
		7
		8
		10
		11
		14
		15
		17
		18
		21
		22
		26
		27
		30
		32
		35
		36
		37
		38
		39
		40
		44
		46
		49
		52
		53
		57
		58
		60
		61
		62
		63
		64
		65
		66
		67
		68
		69
		70
		71
		72
		74
		75
		76
		77
		79
		80
		81
		82
		83
		85
		86
		87
		89
		90
		91
		92
		93
		94
		95
		97
		98
		100
		101
		102
		103
		104
		106
		107
		109
		110
		111
		113
		114
		115
		116
		117
		118
		120
		121
		122
		124
		125
		126
		127
		128
		129
		130
		131
		132
		133
		134
		136
		137
		138
		139
		140
		141
		142
		143
		144
		145
		147
		148
		149
		150
		151
		152
		155
		156
		157
		158
		159
		160
		161
		162
		163
		164
		165
		166
		167
		168
		169
		170
		171
		172
		173
		174
		176
		178
		179
		180
		181
		182
		183
		184
		185
		187
		188
		190
		192
		193
		194
		195
		197
		199
		200
		201
		202
		203
		204
		205
		207
		211
		212
		214
		215
		216
		219
		221
		222
		223
		226
		231
		232
		233
		236
		238
		241
		242
		243
		246
		247
		248
		252
		253
		261
		265
		266
		268
		269
		271
		274
		275
		276
		277
		279
		280
		281
		283
		284
		285
		287
		288
		289
		290
		293
		294
		295
		296
		297
		299
		300
		301
		302
		303
		304
		306
		308
		309
		310
		311
		312
		313
		314
		315
		316
		317
		318
		319
		320
		321
		322
		323
		327
		328
		329
		330
		331
		332
		333
		334
		335
		336
		337
		340
		341
		342
		343
		344
		346
		347
		348
		349
		350
		351
		352
		354
		356
		357
		358
		360
		362
		363
		364
		366
		367
		369
		371
		374
		375
		376
		377
		378
		382
		383
		384
		385
		386
		387
		388
		389
		391
		394
		395
		396
		397
		398
		399
		400
		401
		402
		405
		406
		407
		408
		409
		413
		414
		415
		417
		418
		421
		422
		424
		425
		426
		429
		433
		434
		437
		438
		441
		442
		444
		445
		449
		453
		454
		457
		458
		462
		463
		466
		467
		469
		471
		472
		473
		474
		476
		478
		479
		480
		481
		482
		484
		485
		486
		487
		488
		489
		491
		493
		494
		495
		496
		498
		500
		501
		502
		503
		504
		506
		507
		509
		510
		511
		512
		513
		514
		516
		518
		519
		521
		522
		523
		524
		525
		526
		527
		529
		530
		532
		533
		534
		535
		536
		537
		538
		539
		540
		541
		542
		543
		544
		546
		547
		548
		549
		550
		551
		552
		553
		555
		557
		558
		559
		560
		561
		562
		563
		564
		565
		567
		568
		569
		570
		571
		572
		573
		574
		575
		577
		578
		579
		580
		581
		582
		583
		584
		585
		586
		587
		588
		589
		590
		591
		592
		595
		596
		599
		603
		606
		607
		611
		614
		619
		620
		624
		625
		628
		629
		630
		636
		637
		641
		646
		648
		649
		651
		653
		654
		655
		656
		657
		658
		660
		661
		662
		663
		665
		666
		667
		668
		669
		670
		671
		672
		673
		674
		676
		678
		679
		680
		682
		683
		684
		685
		686
		687
		688
		690
		692
		693
		694
		696
		698
		699
		700
		701
		704
		705
		707
		708
		711
		712
		713
		714
		716
		717
		719
		721
		723
		724
		726
		727
		728
		729
		730
		731
		732
		735
		737
		738
		740
		741
		742
		743
		744
		745
		746
		747
		748
		750
		752
		754
		755
		758
		759
		760
		762
		764
		765
		767
		769
		770
		771
		772
		773
		775
		776
		778
		780
		782
		790
		793
		794
		797
		798
		799
		809
		813
		817
		818
		819
		832
		833
		841
		844
		845
		849
		851
		854
		857
		858
		863
		867
		871
		872
		874
		875
		877
		878
		879
		883
		884
		885
		888
		889
		893
		895
		896
		897
		899
		902
		903
		907
		910
		911
		914
		915
		918
		920
		922
		923
		924
		925
		929
		931
		932
		935
		936
		937
		938
		939
		942
		943
		948
		949
		950
		953
		955
		956
		958
		962
		963
		965
		966
		967
		969
		970
		974
		976
		977
		980
		982
		984
		985
		1009
		1048
		1090
		1093
		1106
		1109
		1156
		1164
		1173
		1176
		1178
		1192
		1205
		1346
		1450
		1455
		1467
		1530
		1536
		1539
		1599
		1610
		1616
		1751
		2381
		2992
		2994
		2995
		2996
		2998
		2999
		3003
		3005
		3007
		3008
		3009
		3012
		3013
		3016
		3018
		3021
		3022
		3025
		3026
		3030
		3031
		3033
		3034
		3035
		3039
		3040
		3044
		3045
		3048
		3049
		3050
		3053
		3054
		3055
		3056
		3057
		3058
		3059
		3060
		3061
		3062
		3063
		3064
		3065
		3067
		3068
		3069
		3070
		3071
		3072
		3073
		3074
		3075
		3076
		3077
		3078
		3080
		3081
		3082
		3083
		3084
		3085
		3086
		3088
		3089
		3090
		3091
		3092
		3093
		3094
		3095
		3096
		3097
		3098
		3099
		3100
		3101
		3104
		3105
		3106
		3107
		3108
		3110
		3111
		3113
		3114
		3115
		3116
		3117
		3119
		3120
		3121
		3122
		3124
		3125
		3126
		3128
		3129
		3130
		3131
		3132
		3133
		3134
		3135
		3136
		3137
		3138
		3140
		3141
		3142
		3143
		3144
		3145
		3148
		3149
		3150
		3151
		3152
		3153
		3154
		3156
		3157
		3158
		3159
		3160
		3161
		3162
		3163
		3164
		3168
		3170
		3171
		3172
		3173
		3174
		3175
		3176
		3178
		3179
		3180
		3182
		3183
		3185
		3187
		3188
		3189
		3190
		3191
		3192
		3193
		3194
		3199
		3202
		3203
		3205
		3206
		3207
		3210
		3211
		3215
		3219
		3220
		3221
		3225
		3226
		3229
		3230
		3231
		3234
		3235
		3236
		3240
		3241
		3242
		3247
		3250
		3254
		3255
		3256
		3257
		3258
		3259
		3260
		3262
		3263
		3266
		3267
		3268
		3271
		3272
		3273
		3274
		3275
		3277
		3278
		3279
		3281
		3283
		3285
		3286
		3287
		3288
		3290
		3291
		3292
		3293
		3295
		3296
		3297
		3298
		3299
		3301
		3302
		3304
		3305
		3306
		3307
		3308
		3309
		3310
		3311
		3312
		3313
		3314
		3318
		3319
		3320
		3321
		3322
		3323
		3324
		3325
		3326
		3327
		3329
		3331
		3332
		3333
		3335
		3337
		3338
		3339
		3340
		3341
		3342
		3344
		3345
		3346
		3347
		3350
		3351
		3352
		3353
		3354
		3355
		3356
		3358
		3359
		3360
		3362
		3364
		3366
		3367
		3368
		3369
		3370
		3371
		3373
		3374
		3375
		3376
		3377
		3378
		3379
		3380
		3381
		3384
		3386
		3387
		3388
		3389
		3390
		3391
		3392
		3393
		3395
		3396
		3397
		3398
		3399
		3401
		3402
		3403
		3407
		3409
		3410
		3412
		3413
		3414
		3417
		3418
		3421
		3422
		3423
		3426
		3430
		3431
		3434
		3438
		3443
		3444
		3447
		3448
		3449
		3452
		3455
		3457
		3458
		3460
		3462
		3463
		3464
		3465
		3466
		3468
		3469
		3470
		3473
		3474
		3475
		3476
		3478
		3479
		3480
		3482
		3483
		3484
		3485
		3488
		3489
		3491
		3492
		3493
		3494
		3495
		3496
		3497
		3499
		3500
		3501
		3504
		3505
		3506
		3507
		3508
		3509
		3510
		3511
		3512
		3514
		3516
		3518
		3519
		3520
		3521
		3522
		3523
		3524
		3525
		3526
		3527
		3528
		3529
		3530
		3531
		3532
		3533
		3534
		3535
		3536
		3537
		3539
		3540
		3541
		3542
		3543
		3544
		3545
		3546
		3547
		3548
		3549
		3550
		3552
		3553
		3554
		3555
		3556
		3557
		3558
		3559
		3560
		3561
		3562
		3564
		3565
		3566
		3567
		3568
		3569
		3570
		3571
		3572
		3573
		3574
		3575
		3576
		3577
		3579
		3580
		3581
		3582
		3583
		3584
		3585
		3586
		3587
		3589
		3592
		3594
		3596
		3598
		3601
		3604
		3609
		3612
		3614
		3617
		3621
		3623
		3626
		3627
		3629
		3630
		3631
		3636
		3639
		3641
		3645
		3646
		3649
		3650
		3652
		3653
		3654
		3655
		3656
		3657
		3658
		3659
		3660
		3662
		3663
		3665
		3666
		3667
		3668
		3669
		3670
		3671
		3672
		3673
		3674
		3675
		3676
		3679
		3680
		3681
		3682
		3683
		3684
		3686
		3688
		3689
		3690
		3692
		3694
		3696
		3698
		3700
		3701
		3703
		3704
		3705
		3707
		3709
		3711
		3713
		3716
		3717
		3718
		3720
		3722
		3724
		3725
		3726
		3727
		3728
		3729
		3730
		3731
		3734
		3735
		3737
		3738
		3740
		3741
		3743
		3744
		3746
		3748
		3749
		3751
		3752
		3754
		3755
		3757
		3758
		3759
		3760
		3761
		3762
		3764
		3765
		3767
		3768
		3770
		3771
		3772
		3773
		3776
		3777
		3779
		3780
		3782
		3790
		3794
		3796
		3798
		3799
		3810
		3816
		3819
		3820
		3833
		3835
		3838
		3844
		3845
		3846
		3857
		3858
		3859
		3861
		3864
		3865
		3866
		3868
		3871
		3873
		3874
		3879
		3882
		3884
		3885
		3886
		3887
		3891
		3892
		3893
		3896
		3898
		3899
		3901
		3902
		3908
		3909
		3910
		3914
		3915
		3918
		3920
		3922
		3923
		3924
		3926
		3928
		3930
		3931
		3933
		3936
		3937
		3938
		3939
		3940
		3943
		3945
		3946
		3948
		3952
		3953
		3954
		3956
		3958
		3959
		3961
		3966
		3968
		3969
		3971
		3973
		3974
		3976
		3980
		3984
		3985
		3986
		3988
		4014
		4024
		4065
		4078
		4080
		4095
		4098
		4109
		4135
		4159
		4170
		4178
		4182
		4193
		4195
		4370
		4458
		4463
		4473
		4477
		4534
		4545
		4605
		4614
		4640
		4660
		4861
		5283
		5291
		6009
		6010
		6012
		6013
		6015
		6017
		6021
		6022
		6023
		6024
		6028
		6029
		6033
		6034
		6035
		6038
		6041
		6042
		6045
		6046
		6047
		6050
		6051
		6052
		6055
		6056
		6057
		6061
		6062
		6063
		6066
		6067
		6070
		6071
		6072
		6073
		6074
		6075
		6076
		6077
		6078
		6079
		6080
		6081
		6082
		6083
		6084
		6086
		6087
		6088
		6090
		6091
		6092
		6093
		6094
		6095
		6096
		6097
		6098
		6099
		6101
		6102
		6103
		6104
		6105
		6106
		6107
		6108
		6109
		6111
		6113
		6114
		6115
		6116
		6117
		6118
		6120
		6122
		6123
		6125
		6126
		6127
		6128
		6129
		6130
		6131
		6132
		6134
		6135
		6136
		6137
		6138
		6139
		6140
		6141
		6142
		6143
		6144
		6145
		6146
		6147
		6148
		6150
		6151
		6152
		6153
		6154
		6155
		6156
		6157
		6159
		6160
		6161
		6163
		6164
		6165
		6166
		6167
		6168
		6169
		6170
		6172
		6173
		6174
		6175
		6176
		6178
		6179
		6180
		6181
		6182
		6183
		6184
		6185
		6186
		6187
		6188
		6189
		6193
		6194
		6195
		6196
		6197
		6198
		6199
		6200
		6201
		6203
		6204
		6205
		6206
		6207
		6208
		6209
		6210
		6212
		6214
		6215
		6216
		6218
		6220
		6221
		6222
		6225
		6229
		6230
		6231
		6232
		6233
		6235
		6236
		6237
		6241
		6242
		6243
		6245
		6247
		6248
		6249
		6252
		6254
		6257
		6258
		6259
		6262
		6263
		6264
		6268
		6269
		6270
		6273
		6279
		6280
		6281
		6282
		6283
		6284
		6286
		6287
		6289
		6290
		6291
		6292
		6293
		6295
		6296
		6298
		6299
		6300
		6301
		6303
		6304
		6305
		6306
		6309
		6310
		6311
		6313
		6314
		6315
		6316
		6317
		6318
		6319
		6320
		6321
		6322
		6324
		6325
		6326
		6328
		6329
		6330
		6331
		6332
		6333
		6334
		6335
		6336
		6340
		6341
		6342
		6343
		6344
		6345
		6346
		6347
		6348
		6349
		6350
		6351
		6353
		6354
		6355
		6356
		6358
		6359
		6360
		6361
		6362
		6363
		6364
		6365
		6367
		6369
		6370
		6371
		6373
		6375
		6376
		6377
		6378
		6380
		6381
		6382
		6384
		6385
		6386
		6387
		6389
		6390
		6391
		6392
		6393
		6395
		6396
		6397
		6398
		6399
		6400
		6401
		6402
		6405
		6406
		6407
		6408
		6409
		6410
		6411
		6412
		6413
		6414
		6415
		6416
		6417
		6418
		6420
		6421
		6423
		6428
		6429
		6431
		6432
		6435
		6436
		6440
		6441
		6444
		6445
		6446
		6449
		6451
		6454
		6455
		6458
		6459
		6460
		6462
		6464
		6468
		6469
		6470
		6474
		6477
		6478
		6480
		6481
		6483
		6484
		6485
		6487
		6488
		6489
		6490
		6492
		6493
		6494
		6495
		6496
		6497
		6499
		6500
		6501
		6503
		6504
		6505
		6506
		6507
		6508
		6509
		6511
		6512
		6513
		6517
		6518
		6519
		6520
		6521
		6522
		6524
		6526
		6527
		6528
		6529
		6530
		6531
		6532
		6533
		6534
		6535
		6536
		6537
		6540
		6542
		6543
		6544
		6545
		6546
		6547
		6548
		6549
		6550
		6552
		6553
		6554
		6555
		6556
		6557
		6558
		6559
		6560
		6561
		6562
		6563
		6565
		6566
		6567
		6568
		6569
		6570
		6571
		6572
		6573
		6576
		6577
		6578
		6579
		6580
		6581
		6582
		6583
		6584
		6585
		6586
		6587
		6589
		6590
		6591
		6592
		6593
		6594
		6595
		6596
		6597
		6598
		6599
		6600
		6602
		6603
		6604
		6605
		6606
		6609
		6611
		6613
		6614
		6618
		6619
		6621
		6622
		6626
		6631
		6634
		6635
		6639
		6642
		6643
		6644
		6647
		6648
		6650
		6651
		6652
		6656
		6657
		6658
		6661
		6666
		6667
		6668
		6669
		6670
		6671
		6672
		6673
		6674
		6675
		6677
		6678
		6679
		6680
		6682
		6683
		6685
		6687
		6688
		6689
		6690
		6691
		6692
		6693
		6695
		6697
		6698
		6700
		6701
		6702
		6703
		6704
		6706
		6708
		6709
		6711
		6712
		6714
		6716
		6718
		6720
		6721
		6723
		6724
		6725
		6727
		6729
		6730
		6731
		6733
		6734
		6735
		6736
		6738
		6739
		6741
		6743
		6744
		6746
		6747
		6748
		6749
		6750
		6751
		6753
		6755
		6756
		6758
		6759
		6760
		6761
		6762
		6763
		6764
		6765
		6766
		6768
		6770
		6771
		6773
		6775
		6776
		6777
		6780
		6781
		6783
		6784
		6786
		6788
		6789
		6790
		6792
		6793
		6794
		6796
		6799
		6800
		6812
		6814
		6817
		6818
		6831
		6832
		6836
		6841
		6842
		6843
		6856
		6857
		6862
		6865
		6866
		6867
		6875
		6878
		6879
		6880
		6884
		6886
		6889
		6891
		6895
		6896
		6900
		6901
		6902
		6903
		6906
		6907
		6913
		6914
		6915
		6917
		6921
		6923
		6924
		6926
		6927
		6930
		6931
		6933
		6934
		6936
		6939
		6940
		6941
		6942
		6946
		6948
		6949
		6952
		6953
		6954
		6955
		6957
		6959
		6960
		6962
		6966
		6967
		6970
		6972
		6973
		6975
		6979
		6980
		6982
		6983
		6985
		6986
		6990
		6993
		6996
		6997
		6998
		7003
		7059
		7068
		7096
		7098
		7111
		7114
		7127
		7147
		7153
		7183
		7193
		7196
		7198
		7211
		7213
		7239
		7377
		7394
		7482
		7495
		7554
		7624
		7661
		7857
		8314
		8435
		8462
		9032
		9033
		9035
		9036
		9038
		9039
		9041
		9042
		9045
		9046
		9047
		9051
		9054
		9055
		9056
		9059
		9060
		9061
		9064
		9066
		9068
		9069
		9073
		9074
		9075
		9078
		9079
		9082
		9083
		9088
		9089
		9090
		9093
		9094
		9095
		9096
		9097
		9098
		9100
		9101
		9102
		9103
		9104
		9105
		9106
		9107
		9108
		9109
		9110
		9111
		9112
		9115
		9116
		9117
		9118
		9119
		9120
		9122
		9123
		9126
		9127
		9128
		9129
		9130
		9131
		9132
		9134
		9135
		9138
		9139
		9140
		9141
		9143
		9144
		9147
		9148
		9149
		9150
		9151
		9153
		9154
		9156
		9157
		9158
		9159
		9160
		9161
		9162
		9163
		9164
		9165
		9166
		9167
		9168
		9169
		9170
		9171
		9173
		9174
		9175
		9176
		9177
		9178
		9179
		9181
		9182
		9183
		9184
		9185
		9186
		9187
		9188
		9189
		9190
		9191
		9193
		9194
		9195
		9196
		9197
		9198
		9199
		9201
		9202
		9203
		9204
		9206
		9207
		9208
		9209
		9211
		9212
		9215
		9216
		9217
		9218
		9219
		9220
		9221
		9223
		9226
		9227
		9228
		9229
		9231
		9233
		9234
		9235
		9236
		9237
		9238
		9239
		9240
		9241
		9242
		9245
		9246
		9247
		9248
		9249
		9250
		9251
		9252
		9253
		9254
		9255
		9256
		9257
		9258
		9260
		9261
		9262
		9263
		9264
		9265
		9266
		9267
		9268
		9269
		9272
		9273
		9274
		9275
		9276
		9277
		9278
		9279
		9281
		9282
		9284
		9285
		9286
		9287
		9288
		9289
		9290
		9294
		9295
		9296
		9297
		9298
		9300
		9301
		9302
		9303
		9304
		9306
		9308
		9309
		9310
		9311
		9312
		9313
		9314
		9315
		9316
		9317
		9318
		9319
		9320
		9321
		9322
		9323
		9324
		9326
		9327
		9328
		9329
		9330
		9331
		9332
		9333
		9334
		9335
		9339
		9340
		9341
		9342
		9343
		9344
		9345
		9346
		9347
		9348
		9350
		9351
		9352
		9353
		9355
		9356
		9357
		9359
		9360
		9361
		9362
		9363
		9364
		9366
		9367
		9369
		9371
		9372
		9374
		9375
		9376
		9378
		9379
		9380
		9382
		9383
		9384
		9386
		9387
		9388
		9389
		9392
		9393
		9394
		9395
		9396
		9397
		9398
		9399
		9400
		9403
		9404
		9405
		9406
		9407
		9408
		9409
		9410
		9411
		9412
		9413
		9414
		9415
		9416
		9417
		9418
		9419
		9421
		9422
		9423
		9424
		9425
		9427
		9428
		9429
		9430
		9431
		9433
		9434
		9435
		9436
		9437
		9438
		9439
		9441
		9442
		9443
		9444
		9446
		9448
		9449
		9451
		9452
		9454
		9456
		9457
		9458
		9459
		9460
		9461
		9463
		9464
		9465
		9466
		9468
		9470
		9471
		9472
		9474
		9476
		9477
		9478
		9479
		9481
		9482
		9483
		9484
		9485
		9486
		9488
		9489
		9490
		9491
		9492
		9493
		9494
		9495
		9496
		9497
		9498
		9499
		9500
		9501
		9502
		9503
		9504
		9505
		9506
		9507
		9508
		9509
		9510
		9511
		9515
		9516
		9517
		9518
		9519
		9520
		9521
		9522
		9523
		9524
		9525
		9527
		9529
		9531
		9532
		9533
		9534
		9535
		9536
		9537
		9539
		9540
		9541
		9542
		9543
		9544
		9545
		9546
		9547
		9548
		9550
		9551
		9552
		9554
		9555
		9556
		9557
		9558
		9559
		9560
		9561
		9562
		9563
		9564
		9565
		9566
		9567
		9568
		9569
		9570
		9571
		9572
		9573
		9574
		9575
		9576
		9578
		9579
		9581
		9582
		9584
		9586
		9587
		9588
		9590
		9591
		9593
		9595
		9596
		9597
		9598
		9599
		9600
		9602
		9603
		9606
		9607
		9608
		9609
		9610
		9611
		9612
		9613
		9614
		9617
		9618
		9619
		9620
		9621
		9622
		9624
		9625
		9626
		9627
		9628
		9629
		9630
		9631
		9632
		9633
		9635
		9636
		9638
		9640
		9642
		9643
		9644
		9645
		9646
		9647
		9648
		9649
		9650
		9651
		9652
		9655
		9656
		9658
		9660
		9661
		9663
		9665
		9666
		9668
		9670
		9672
		9674
		9676
		9677
		9679
		9680
		9681
		9683
		9685
		9686
		9687
		9688
		9689
		9690
		9691
		9692
		9694
		9696
		9698
		9699
		9700
		9701
		9702
		9703
		9704
		9705
		9706
		9707
		9709
		9710
		9712
		9714
		9715
		9716
		9717
		9718
		9719
		9720
		9722
		9723
		9725
		9726
		9728
		9729
		9731
		9732
		9734
		9736
		9737
		9738
		9739
		9741
		9742
		9744
		9745
		9748
		9750
		9751
		9752
		9756
		9757
		9764
		9765
		9767
		9769
		9770
		9771
		9772
		9778
		9780
		9783
		9784
		9785
		9787
		9791
		9793
		9794
		9797
		9800
		9805
		9809
		9812
		9813
		9815
		9817
		9818
		9819
		9821
		9824
		9826
		9827
		9828
		9833
		9837
		9838
		9839
		9840
		9842
		9845
		9846
		9849
		9851
		9852
		9853
		9856
		9857
		9862
		9863
		9867
		9869
		9870
		9872
		9874
		9875
		9877
		9879
		9881
		9882
		9884
		9888
		9889
		9890
		9891
		9894
		9896
		9898
		9902
		9903
		9904
		9906
		9907
		9909
		9914
		9916
		9917
		9919
		9922
		9924
		9925
		9930
		9933
		9940
		9979
		9990
		10007
		10009
		10024
		10027
		10063
		10074
		10094
		10109
		10111
		10163
		10203
		10323
		10493
		11024
		11026
		11028
		11029
		11030
		11031
		11032
		11033
		11034
		11036
		11037
		11038
		11039
		11040
		11041
		11042
		11043
		11044
		11045
		11046
		11048
		11049
		11050
		11052
		11053
		11054
		11055
		11056
		11057
		11058
		11059
		11060
		11061
		11062
		11063
		11064
		11065
		11066
		11067
		11068
		11069
		11070
		11071
		11072
		11073
		11074
		11076
		11077
		11078
		11079
		11080
		11081
		11082
		11083
		11084
		11085
		11086
		11088
		11089
		11090
		11091
		11092
		11093
		11094
		11095
		11096
		11097
		11099
		11100
		11101
		11102
		11103
		11104
		11105
		11107
		11109
		11112
		11113
		11114
		11115
		11116
		11117
		11118
		11120
		11121
		11123
		11125
		11126
		11127
		11128
		11129
		11130
		11131
		11132
		11134
		11135
		11136
		11137
		11138
		11139
		11140
		11141
		11142
		11143
		11144
		11146
		11147
		11148
		11150
		11151
		11152
		11153
		11154
		11155
		11156
		11157
		11159
		11160
		11161
		11162
		11163
		11164
		11165
		11166
		11167
		11168
		11169
		11171
		11172
		11173
		11174
		11175
		11176
		11177
		11178
		11181
		11183
		11184
		11185
		11186
		11187
		11188
		11189
		11190
		11191
		11196
		11197
		11198
		11199
		11201
		11202
		11204
		11205
		11206
		11207
		11208
		11209
		11210
		11211
		11212
		11213
		11214
		11215
		11216
		11217
		11218
		11219
		11220
		11221
		11222
		11224
		11226
		11227
		11229
		11230
		11231
		11232
		11233
		11234
		11235
		11236
		11237
		11238
		11239
		11241
		11242
		11244
		11245
		11246
		11247
		11248
		11250
		11251
		11252
		11253
		11254
		11257
		11258
		11259
		11260
		11262
		11264
		11265
		11266
		11267
		11268
		11270
		11271
		11272
		11274
		11276
		11277
		11278
		11279
		11280
		11282
		11283
		11284
		11285
		11287
		11288
		11289
		11290
		11291
		11293
		11294
		11295
		11296
		11297
		11298
		11299
		11300
		11301
		11302
		11303
		11304
		11305
		11306
		11309
		11310
		11311
		11312
		11313
		11314
		11315
		11316
		11317
		11318
		11322
		11323
		11324
		11325
		11326
		11327
		11329
		11330
		11331
		11332
		11333
		11334
		11335
		11336
		11337
		11338
		11341
		11342
		11343
		11344
		11345
		11346
		11347
		11349
		11351
		11353
		11355
		11357
		11358
		11359
		11360
		11361
		11362
		11363
		11366
		11367
		11368
		11369
		11370
		11371
		11372
		11374
		11376
		11378
		11379
		11380
		11381
		11382
		11383
		11384
		11385
		11386
		11388
		11390
		11391
		11392
		11394
		11396
		11397
		11398
		11399
		11400
		11401
		11402
		11403
		11404
		11405
		11406
		11407
		11408
		11409
		11411
		11412
		11413
		11414
		11415
		11416
		11417
		11418
		11419
		11420
		11422
		11423
		11424
		11425
		11426
		11427
		11428
		11430
		11431
		11432
		11434
		11435
		11436
		11437
		11438
		11439
		11441
		11443
		11444
		11445
		11446
		11447
		11449
		11450
		11451
		11452
		11453
		11454
		11456
		11459
		11461
		11462
		11463
		11464
		11465
		11466
		11467
		11468
		11470
		11471
		11474
		11475
		11476
		11477
		11478
		11479
		11481
		11483
		11484
		11485
		11486
		11487
		11488
		11489
		11490
		11491
		11492
		11493
		11494
		11497
		11498
		11499
		11500
		11501
		11502
		11503
		11504
		11505
		11506
		11507
		11508
		11511
		11512
		11513
		11514
		11515
		11516
		11517
		11518
		11519
		11520
		11521
		11522
		11525
		11526
		11527
		11528
		11529
		11530
		11531
		11532
		11533
		11534
		11535
		11536
		11539
		11540
		11541
		11542
		11543
		11544
		11545
		11546
		11547
		11548
		11549
		11550
		11551
		11553
		11554
		11555
		11556
		11557
		11558
		11559
		11560
		11561
		11562
		11563
		11564
		11565
		11566
		11568
		11570
		11572
		11573
		11574
		11576
		11577
		11580
		11581
		11582
		11583
		11584
		11586
		11587
		11588
		11590
		11592
		11593
		11594
		11595
		11596
		11597
		11598
		11599
		11600
		11601
		11603
		11604
		11605
		11606
		11608
		11609
		11610
		11611
		11612
		11613
		11614
		11615
		11616
		11617
		11618
		11619
		11620
		11622
		11623
		11625
		11627
		11628
		11630
		11631
		11632
		11633
		11634
		11636
		11638
		11639
		11640
		11642
		11644
		11645
		11646
		11647
		11649
		11651
		11652
		11653
		11655
		11657
		11659
		11661
		11663
		11664
		11666
		11668
		11670
		11672
		11673
		11674
		11675
		11676
		11677
		11678
		11679
		11681
		11683
		11684
		11686
		11688
		11689
		11690
		11691
		11692
		11693
		11694
		11696
		11697
		11699
		11700
		11702
		11703
		11704
		11705
		11707
		11708
		11709
		11710
		11711
		11713
		11715
		11716
		11718
		11720
		11721
		11723
		11724
		11726
		11727
		11729
		11730
		11732
		11734
		11735
		11737
		11741
		11742
		11748
		11749
		11751
		11754
		11755
		11756
		11762
		11766
		11767
		11768
		11773
		11774
		11779
		11780
		11786
		11787
		11790
		11793
		11794
		11798
		11803
		11804
		11805
		11806
		11807
		11809
		11812
		11813
		11816
		11818
		11819
		11820
		11821
		11824
		11825
		11832
		11833
		11834
		11837
		11838
		11840
		11842
		11843
		11845
		11846
		11849
		11851
		11852
		11854
		11856
		11857
		11858
		11861
		11863
		11868
		11869
		11870
		11872
		11874
		11875
		11877
		11882
		11884
		11885
		11887
		11889
		11891
		11895
		11899
		11901
		11905
		11956
		11965
		11984
		11998
		12001
		12003
		12038
		12047
		12058
		12066
		12070
		12081
		12083
		12098
		12169
		12309
		12320
		12380
		12389
		12434
		12441
		12450
		12562
		12674
		12689
		13003
		13004
		13006
		13007
		13011
		13068
		13070
		13081
		13083
		13116
		13205
		13206
		13218
		13219
		13220
		13221
		13222
		13223
		13224
		13225
		13226
		13227
		13228
		13229
		13230
		13231
		13232
		13233
		13234
		13235
		13236
		13237
		13239
		13246
		13266
		13267
		13268
		13269
		13278
		13285
		13286
		13287
		13292
		13299
		13301
		13307
		13308
		13309
		13310
		13311
		13312
		13313
		13314
		13315
		13316
		13317
		13318
		13319
		13320
		13321
		13327
		13329
		13330
		13331
		13332
		13333
		13345
		13346
		13347
		13348
		13349
		13350
		13351
		13352
		13353
		13354
		13355
		13356
		13357
		13367
		13368
		13369
		13376
		13377
		13378
		13379
		13380
		13381
		13405
		13406
		13407
		13418
		13419
		13420
		13421
		13422
		13423
		13424
		13425
		13426
		13427
		13428
		13431
		13444
		13445
		13446
		13474
		13475
		13504
		13505
		13514
		13517
		13538
		13559
		13560
		13759
		13760
		13761
		13762
		13763
		13764
		13765
		13766
		13767
		13768
		13774
		13775
		13776
		13777
		13778
		13857
		13863
		13864
		13865
		13866
		13868
		13869
		13870
		13871
		13872
		13875
		13876
		13877
		13878
		13879
		13880
		13881
		13882
		13883
		13884
		13885
		13886
		13887
		13888
		13889
		13890
		13891
		13892
		13893
		13894
		13895
		13896
		13900
		13901
		13903
		14224
		14225
		14226
		14227
		14366
		14367
		14558
	}

	local_supplies=0.0 
}
