strategic_region={
	id=232
	name="STRATEGICREGION_232"
	provinces={
		13954 13955 13956 13957 13958 13959 13960 13961
		13962 13963 13964 13965 13966 13967 13968 13969 
		13970 13971 13972 13973 13974 13975 13976 13977
		13978 13979 13980 13981 13982 13983 13984 13985
		13986 13987 13988 13989 13990 13991 13992 13993
		13994 13995	13996 13997 13998 13999 14000 14001
		14002 14003 14004 14006 14007 14008 14009
		14010 14011 14012 14013 14014 14015 14016 14017 
		14018 14019 14020 14021 14022 14023 14024 14025
		14026 14597 14596 14630 14629 14609 14560 
		14611 14615 14616 14559 14613 14614 14610 14561 
		8551 8776 8824 8528 14608 8645 8722 8964 8925 
		8651 8703 7710 8424 6815 8799 8729 8574 8154 8575
		8877 8876 8753 8399 3428 8901 8851 3619 3222 3023
		8993 9017 5340 7714 7488 14048 5245 5129 8870 7036
		4693 4243 5270 6834 8296 8988 7261 9057 1461 1911
		1686 811 616 8972 6637 9063 5610 8996 5584 9020
		8678 5771 5560 2516 8923 5720 5694 8948 4470 5798
		5746 5491 5536 5513 5538 5263 5318 6030 5967 5613
		5639

	}
	naval_terrain=water_deep_ocean
	weather={
		period={
			between={ 0.0 30.11 }
			temperature={ -82.0 -13.0 }
			no_phenomenon=0.100
			rain_light=0.00
			rain_heavy=0.00
			snow=0.300
			blizzard=0.600
			arctic_water=0.000
			mud=0.000
			sandstorm=0.000
			min_snow_level=0.810
		}
		
	}
}