
strategic_region={
	id=252
	name="STRATEGICREGION_252"
	provinces={
		2703 5918 9125 11827 13193 13518 13524 13526 13527 13566 13567 13569 13570 13572 13573 13576 13578 13580 13584 13585 13589 13590 13591 13595 13598 13602 13610 13611 13615 13620 13622 13625 13627 13628 13629 13642 13650 13654 13656 13660 13663 13665 13667 13670 13679 13680 13683 13684 13685 13686 13687 13693 13694 13695 13696 13697 13700 13701 13705 13707 13713 13718 13724 13728 13732 13734 13735 13738 13743 13746 13747 13748 13753 14342 
	}
	weather={
	}
}
